1 0.61426 0.11816 0.057292 0.057292
1 0.58691 0.1748 0.057292 0.057292
1 0.54395 0.24316 0.057292 0.057292
1 0.58301 0.25684 0.057292 0.057292
1 0.62988 0.2959 0.057292 0.057292
1 0.48535 0.46094 0.057292 0.057292
1 0.50488 0.52832 0.057292 0.057292
1 0.59277 0.56738 0.057292 0.057292
1 0.58691 0.65625 0.057292 0.057292
1 0.57129 0.42871 0.057292 0.057292
1 0.67676 0.44629 0.057292 0.057292
1 0.7666 0.49512 0.057292 0.057292
1 0.78613 0.36035 0.057292 0.057292
1 0.78613 0.41504 0.057292 0.057292
1 0.30957 0.12012 0.057292 0.057292
1 0.2002 0.16113 0.057292 0.057292
1 0.22363 0.21973 0.057292 0.057292
1 0.23926 0.28027 0.057292 0.057292
1 0.24902 0.33496 0.057292 0.057292
1 0.31738 0.36621 0.057292 0.057292
1 0.2998 0.40723 0.057292 0.057292
1 0.31348 0.18848 0.057292 0.057292
1 0.3916 0.61426 0.057292 0.057292
1 0.45801 0.53613 0.057292 0.057292
1 0.48145 0.59082 0.057292 0.057292
1 0.41895 0.91113 0.057292 0.057292
1 0.4209 0.84863 0.057292 0.057292
1 0.44238 0.75098 0.057292 0.057292
1 0.47754 0.75879 0.057292 0.057292
1 0.50684 0.84082 0.057292 0.057292
