1 0.98047 0.42676 0.057292 0.057292
1 0.96973 0.48145 0.057292 0.057292
1 0.90332 0.48145 0.057292 0.057292
1 0.87695 0.45996 0.057292 0.057292
1 0.90918 0.36035 0.057292 0.057292
1 0.85938 0.37305 0.057292 0.057292
1 0.79102 0.52051 0.057292 0.057292
1 0.74805 0.58203 0.057292 0.057292
1 0.74121 0.46777 0.057292 0.057292
1 0.65039 0.4541 0.057292 0.057292
1 0.62598 0.58301 0.057292 0.057292
1 0.6582 0.52637 0.057292 0.057292
1 0.71777 0.51953 0.057292 0.057292
1 0.52246 0.44922 0.057292 0.057292
1 0.50977 0.52832 0.057292 0.057292
1 0.48438 0.53418 0.057292 0.057292
1 0.45898 0.54785 0.057292 0.057292
1 0.42578 0.53125 0.057292 0.057292
1 0.39844 0.51758 0.057292 0.057292
1 0.35352 0.55957 0.057292 0.057292
1 0.32227 0.58594 0.057292 0.057292
1 0.3291 0.48926 0.057292 0.057292
1 0.2959 0.45703 0.057292 0.057292
1 0.26855 0.53711 0.057292 0.057292
1 0.2666 0.48828 0.057292 0.057292
1 0.19727 0.56348 0.057292 0.057292
1 0.18652 0.48145 0.057292 0.057292
1 0.10352 0.54102 0.057292 0.057292
1 0.12988 0.49512 0.057292 0.057292
