1 0.54785 0.94238 0.057292 0.057292
1 0.66113 0.88379 0.057292 0.057292
1 0.70215 0.92285 0.057292 0.057292
1 0.61816 0.85352 0.057292 0.057292
1 0.57715 0.7627 0.057292 0.057292
1 0.5127 0.80664 0.057292 0.057292
1 0.49707 0.76953 0.057292 0.057292
1 0.4502 0.67871 0.057292 0.057292
1 0.49316 0.63574 0.057292 0.057292
1 0.32715 0.55762 0.057292 0.057292
1 0.37793 0.54395 0.057292 0.057292
1 0.37207 0.50879 0.057292 0.057292
1 0.35645 0.48438 0.057292 0.057292
1 0.3291 0.48535 0.057292 0.057292
1 0.29004 0.50488 0.057292 0.057292
1 0.27832 0.45605 0.057292 0.057292
1 0.28809 0.39551 0.057292 0.057292
1 0.29785 0.3584 0.057292 0.057292
1 0.33691 0.3291 0.057292 0.057292
1 0.27637 0.30371 0.057292 0.057292
1 0.37598 0.23145 0.057292 0.057292
1 0.29004 0.23145 0.057292 0.057292
1 0.35254 0.16504 0.057292 0.057292
1 0.29785 0.16113 0.057292 0.057292
1 0.2627 0.19238 0.057292 0.057292
1 0.25684 0.16113 0.057292 0.057292
1 0.22363 0.1377 0.057292 0.057292
1 0.34863 0.11035 0.057292 0.057292
