1 0.56055 0.046875 0.057292 0.057292
1 0.64941 0.18945 0.057292 0.057292
1 0.71484 0.0625 0.057292 0.057292
1 0.71484 0.12891 0.057292 0.057292
1 0.56738 0.049805 0.057292 0.057292
1 0.73633 0.23633 0.057292 0.057292
1 0.5918 0.4082 0.057292 0.057292
1 0.6123 0.47461 0.057292 0.057292
1 0.69824 0.51367 0.057292 0.057292
1 0.69141 0.60156 0.057292 0.057292
1 0.41992 0.067383 0.057292 0.057292
1 0.43457 0.032227 0.057292 0.057292
1 0.58008 0.47266 0.057292 0.057292
1 0.41602 0.16797 0.057292 0.057292
1 0.58203 0.54102 0.057292 0.057292
1 0.53027 0.86328 0.057292 0.057292
1 0.52539 0.79688 0.057292 0.057292
1 0.54102 0.58203 0.057292 0.057292
1 0.50098 0.55371 0.057292 0.057292
1 0.4082 0.34961 0.057292 0.057292
1 0.34766 0.22949 0.057292 0.057292
1 0.36621 0.28613 0.057292 0.057292
1 0.30566 0.099609 0.057292 0.057292
1 0.31934 0.075195 0.057292 0.057292
1 0.27051 0.097656 0.057292 0.057292
1 0.27734 0.064453 0.057292 0.057292
1 0.54297 0.67285 0.057292 0.057292
1 0.5127 0.67188 0.057292 0.057292
1 0.47949 0.66992 0.057292 0.057292
1 0.38477 0.1377 0.057292 0.057292
