1 0.8623 0.90625 0.057292 0.057292
1 0.79004 0.97363 0.057292 0.057292
1 0.7627 0.94824 0.057292 0.057292
1 0.68164 0.82422 0.057292 0.057292
1 0.72363 0.78711 0.057292 0.057292
1 0.64258 0.73047 0.057292 0.057292
1 0.56934 0.65527 0.057292 0.057292
1 0.59375 0.61719 0.057292 0.057292
1 0.58008 0.58691 0.057292 0.057292
1 0.56738 0.55762 0.057292 0.057292
1 0.50977 0.48145 0.057292 0.057292
1 0.43848 0.52539 0.057292 0.057292
1 0.34961 0.41113 0.057292 0.057292
1 0.33398 0.16113 0.057292 0.057292
1 0.3125 0.13379 0.057292 0.057292
1 0.28223 0.18359 0.057292 0.057292
1 0.39258 0.20898 0.057292 0.057292
1 0.71387 0.92969 0.057292 0.057292
1 0.52637 0.69141 0.057292 0.057292
1 0.49219 0.68848 0.057292 0.057292
1 0.49121 0.65527 0.057292 0.057292
1 0.49707 0.61816 0.057292 0.057292
1 0.39746 0.6709 0.057292 0.057292
1 0.36914 0.63574 0.057292 0.057292
1 0.33301 0.58789 0.057292 0.057292
1 0.35449 0.55762 0.057292 0.057292
1 0.26758 0.45313 0.057292 0.057292
1 0.29004 0.43848 0.057292 0.057292
