1 0.35254 0.9502 0.057292 0.057292
1 0.3877 0.91113 0.057292 0.057292
1 0.38379 0.84473 0.057292 0.057292
1 0.32129 0.76465 0.057292 0.057292
1 0.16113 0.76465 0.057292 0.057292
1 0.1377 0.70801 0.057292 0.057292
1 0.12207 0.65137 0.057292 0.057292
1 0.15723 0.63281 0.057292 0.057292
1 0.10059 0.54785 0.057292 0.057292
1 0.3252 0.4248 0.057292 0.057292
1 0.53027 0.38867 0.057292 0.057292
1 0.49707 0.27051 0.057292 0.057292
1 0.46777 0.22266 0.057292 0.057292
1 0.48145 0.19531 0.057292 0.057292
1 0.41895 0.12598 0.057292 0.057292
1 0.5498 0.10547 0.057292 0.057292
1 0.50098 0.11035 0.057292 0.057292
1 0.60254 0.098633 0.057292 0.057292
1 0.64941 0.26855 0.057292 0.057292
1 0.87012 0.24707 0.057292 0.057292
1 0.89941 0.19434 0.057292 0.057292
1 0.94434 0.29785 0.057292 0.057292
