1 0.74707 0.24512 0.057292 0.057292
1 0.63281 0.25391 0.057292 0.057292
1 0.59473 0.2207 0.057292 0.057292
1 0.56152 0.26953 0.057292 0.057292
1 0.60742 0.33301 0.057292 0.057292
1 0.59961 0.37598 0.057292 0.057292
1 0.55566 0.35645 0.057292 0.057292
1 0.50586 0.32227 0.057292 0.057292
1 0.47461 0.51074 0.057292 0.057292
1 0.39063 0.52832 0.057292 0.057292
1 0.43262 0.4209 0.057292 0.057292
1 0.375 0.59375 0.057292 0.057292
1 0.43555 0.66992 0.057292 0.057292
1 0.45215 0.70898 0.057292 0.057292
1 0.39063 0.68652 0.057292 0.057292
1 0.40234 0.7832 0.057292 0.057292
1 0.36426 0.82813 0.057292 0.057292
1 0.32617 0.75098 0.057292 0.057292
1 0.35254 0.63477 0.057292 0.057292
