1 0.71484 0.61523 0.054688 0.054688
1 0.75391 0.62988 0.054688 0.054688
1 0.81348 0.60742 0.054688 0.054688
1 0.85352 0.5459 0.054688 0.054688
1 0.81836 0.53613 0.054688 0.054688
1 0.75781 0.5332 0.054688 0.054688
1 0.70508 0.55176 0.054688 0.054688
1 0.58203 0.75098 0.054688 0.054688
1 0.50586 0.7207 0.054688 0.054688
1 0.5166 0.69336 0.054688 0.054688
1 0.53711 0.6748 0.054688 0.054688
1 0.5752 0.56348 0.054688 0.054688
1 0.60449 0.54004 0.054688 0.054688
1 0.61133 0.6748 0.054688 0.054688
1 0.63672 0.62695 0.054688 0.054688
1 0.6582 0.61523 0.054688 0.054688
1 0.6377 0.52148 0.054688 0.054688
1 0.71387 0.51465 0.054688 0.054688
1 0.7627 0.37695 0.054688 0.054688
1 0.72754 0.29297 0.054688 0.054688
1 0.7959 0.19043 0.054688 0.054688
1 0.75977 0.15723 0.054688 0.054688
1 0.80859 0.13867 0.054688 0.054688
1 0.71582 0.33105 0.054688 0.054688
1 0.64844 0.41016 0.054688 0.054688
1 0.61719 0.46387 0.054688 0.054688
1 0.7207 0.43945 0.054688 0.054688
1 0.75781 0.4082 0.054688 0.054688
1 0.77344 0.29785 0.054688 0.054688
1 0.22852 0.89355 0.054688 0.054688
1 0.31348 0.93555 0.054688 0.054688
1 0.36523 0.8877 0.054688 0.054688
1 0.27246 0.84082 0.054688 0.054688
1 0.31055 0.84082 0.054688 0.054688
1 0.25781 0.77734 0.054688 0.054688
1 0.3457 0.74121 0.054688 0.054688
1 0.38477 0.67773 0.054688 0.054688
1 0.41113 0.6543 0.054688 0.054688
1 0.38379 0.61328 0.054688 0.054688
1 0.31641 0.66699 0.054688 0.054688
1 0.32324 0.63281 0.054688 0.054688
1 0.30762 0.60938 0.054688 0.054688
1 0.27441 0.58398 0.054688 0.054688
1 0.39551 0.56836 0.054688 0.054688
1 0.35547 0.49609 0.054688 0.054688
1 0.32031 0.4375 0.054688 0.054688
1 0.35547 0.43945 0.054688 0.054688
1 0.27539 0.51172 0.054688 0.054688
1 0.24414 0.50195 0.054688 0.054688
1 0.24023 0.44727 0.054688 0.054688
1 0.21289 0.41602 0.054688 0.054688
1 0.25 0.37305 0.054688 0.054688
1 0.30273 0.3291 0.054688 0.054688
1 0.2334 0.30957 0.054688 0.054688
1 0.18457 0.35938 0.054688 0.054688
1 0.14453 0.33789 0.054688 0.054688
