1 0.94238 0.19141 0.054688 0.054688
1 0.88574 0.125 0.054688 0.054688
1 0.87012 0.25977 0.054688 0.054688
1 0.8252 0.36035 0.054688 0.054688
1 0.75195 0.39453 0.054688 0.054688
1 0.72559 0.52051 0.054688 0.054688
1 0.69824 0.49023 0.054688 0.054688
1 0.72168 0.35352 0.054688 0.054688
1 0.55273 0.38867 0.054688 0.054688
1 0.51758 0.41113 0.054688 0.054688
1 0.52344 0.54102 0.054688 0.054688
1 0.60547 0.45117 0.054688 0.054688
1 0.49023 0.62109 0.054688 0.054688
1 0.37207 0.65723 0.054688 0.054688
1 0.32715 0.63379 0.054688 0.054688
1 0.25879 0.68457 0.054688 0.054688
1 0.25 0.74707 0.054688 0.054688
1 0.35449 0.78516 0.054688 0.054688
1 0.24023 0.8916 0.054688 0.054688
1 0.16992 0.90723 0.054688 0.054688
