1 0.88574 0.53906 0.054688 0.054688
1 0.83008 0.54492 0.054688 0.054688
1 0.76465 0.56152 0.054688 0.054688
1 0.75391 0.52344 0.054688 0.054688
1 0.71973 0.4668 0.054688 0.054688
1 0.69043 0.55664 0.054688 0.054688
1 0.65625 0.56934 0.054688 0.054688
1 0.62695 0.54102 0.054688 0.054688
1 0.65332 0.44238 0.054688 0.054688
1 0.58594 0.51758 0.054688 0.054688
1 0.55762 0.50391 0.054688 0.054688
1 0.55957 0.45703 0.054688 0.054688
1 0.51172 0.45508 0.054688 0.054688
1 0.48633 0.44141 0.054688 0.054688
1 0.47168 0.52637 0.054688 0.054688
1 0.41211 0.52441 0.054688 0.054688
1 0.43848 0.47656 0.054688 0.054688
1 0.37109 0.4707 0.054688 0.054688
1 0.28613 0.4209 0.054688 0.054688
1 0.2666 0.49414 0.054688 0.054688
1 0.28223 0.54883 0.054688 0.054688
1 0.33984 0.52539 0.054688 0.054688
1 0.60449 0.48633 0.054688 0.054688
