1 0.52539 0.16797 0.063542 0.063542
1 0.5918 0.29492 0.063542 0.063542
1 0.61523 0.32813 0.063542 0.063542
1 0.68945 0.33789 0.063542 0.063542
1 0.71484 0.35547 0.063542 0.063542
1 0.75195 0.38281 0.063542 0.063542
1 0.63086 0.42578 0.063542 0.063542
1 0.7168 0.45313 0.063542 0.063542
1 0.74609 0.45898 0.063542 0.063542
1 0.89258 0.49805 0.063542 0.063542
1 0.92383 0.5957 0.063542 0.063542
1 0.55078 0.4668 0.063542 0.063542
1 0.56836 0.50781 0.063542 0.063542
1 0.64063 0.47461 0.063542 0.063542
1 0.57422 0.59961 0.063542 0.063542
1 0.66602 0.58398 0.063542 0.063542
1 0.68945 0.67969 0.063542 0.063542
1 0.58789 0.71875 0.063542 0.063542
1 0.51563 0.83203 0.063542 0.063542
1 0.63672 0.78125 0.063542 0.063542
