1 0.96777 0.17578 0.054688 0.054688
1 0.91113 0.10938 0.054688 0.054688
1 0.89551 0.24414 0.054688 0.054688
1 0.85059 0.34473 0.054688 0.054688
1 0.77734 0.37891 0.054688 0.054688
1 0.75098 0.50488 0.054688 0.054688
1 0.72363 0.47461 0.054688 0.054688
1 0.74707 0.33789 0.054688 0.054688
1 0.57813 0.37305 0.054688 0.054688
1 0.54297 0.39551 0.054688 0.054688
1 0.55273 0.52344 0.054688 0.054688
1 0.63086 0.43555 0.054688 0.054688
1 0.51563 0.60547 0.054688 0.054688
1 0.40723 0.64941 0.054688 0.054688
1 0.3584 0.61035 0.054688 0.054688
1 0.2959 0.67285 0.054688 0.054688
1 0.27539 0.73145 0.054688 0.054688
1 0.3877 0.77344 0.054688 0.054688
1 0.26563 0.87598 0.054688 0.054688
1 0.19531 0.8916 0.054688 0.054688
