1 0.16699 0.18848 0.0625 0.0625
1 0.1123 0.24707 0.0625 0.0625
1 0.21777 0.2666 0.0625 0.0625
1 0.14355 0.30957 0.0625 0.0625
1 0.15137 0.33594 0.0625 0.0625
1 0.20605 0.37012 0.0625 0.0625
1 0.25488 0.30762 0.0625 0.0625
1 0.2959 0.32715 0.0625 0.0625
1 0.27441 0.3584 0.0625 0.0625
1 0.35449 0.33301 0.0625 0.0625
1 0.34277 0.41113 0.0625 0.0625
1 0.39355 0.41895 0.0625 0.0625
1 0.45215 0.46387 0.0625 0.0625
1 0.49316 0.43652 0.0625 0.0625
1 0.53418 0.46289 0.0625 0.0625
1 0.49512 0.55957 0.0625 0.0625
1 0.45215 0.52148 0.0625 0.0625
1 0.39746 0.46973 0.0625 0.0625
1 0.36816 0.4502 0.0625 0.0625
1 0.60449 0.49316 0.0625 0.0625
1 0.64355 0.49707 0.0625 0.0625
1 0.58887 0.5332 0.0625 0.0625
1 0.58105 0.57031 0.0625 0.0625
1 0.61426 0.58105 0.0625 0.0625
1 0.65918 0.62598 0.0625 0.0625
1 0.72754 0.53125 0.0625 0.0625
1 0.7959 0.56738 0.0625 0.0625
1 0.85645 0.60547 0.0625 0.0625
1 0.88379 0.62207 0.0625 0.0625
1 0.74512 0.72949 0.0625 0.0625
1 0.80762 0.66895 0.0625 0.0625
1 0.84668 0.72949 0.0625 0.0625
1 0.8916 0.71777 0.0625 0.0625
