1 0.54102 0.79102 0.054688 0.054688
1 0.62891 0.76953 0.054688 0.054688
1 0.58789 0.69141 0.054688 0.054688
1 0.5332 0.63184 0.054688 0.054688
1 0.51758 0.59473 0.054688 0.054688
1 0.37598 0.55566 0.054688 0.054688
1 0.41016 0.53223 0.054688 0.054688
1 0.47168 0.52734 0.054688 0.054688
1 0.45313 0.49805 0.054688 0.054688
1 0.44141 0.45215 0.054688 0.054688
1 0.40625 0.36914 0.054688 0.054688
1 0.31836 0.4043 0.054688 0.054688
1 0.32227 0.36328 0.054688 0.054688
1 0.27734 0.27148 0.054688 0.054688
1 0.36719 0.1875 0.054688 0.054688
1 0.3877 0.11328 0.054688 0.054688
1 0.22656 0.14063 0.054688 0.054688
1 0.2334 0.049805 0.054688 0.054688
1 0.42285 0.66992 0.054688 0.054688
1 0.40625 0.7041 0.054688 0.054688
1 0.37402 0.66602 0.054688 0.054688
1 0.3291 0.66602 0.054688 0.054688
1 0.24707 0.60059 0.054688 0.054688
1 0.2207 0.69238 0.054688 0.054688
