1 0.19336 0.96289 0.063542 0.063542
1 0.38477 0.98438 0.063542 0.063542
1 0.36914 0.95313 0.063542 0.063542
1 0.34766 0.86133 0.063542 0.063542
1 0.46484 0.86328 0.063542 0.063542
1 0.48047 0.83008 0.063542 0.063542
1 0.35938 0.79102 0.063542 0.063542
1 0.41016 0.8125 0.063542 0.063542
1 0.47266 0.7207 0.063542 0.063542
1 0.52734 0.67773 0.063542 0.063542
1 0.58008 0.60938 0.063542 0.063542
1 0.52344 0.57813 0.063542 0.063542
1 0.59375 0.56055 0.063542 0.063542
1 0.61719 0.52148 0.063542 0.063542
1 0.6543 0.4668 0.063542 0.063542
1 0.68555 0.53125 0.063542 0.063542
1 0.68555 0.42969 0.063542 0.063542
1 0.6875 0.38281 0.063542 0.063542
1 0.76172 0.44727 0.063542 0.063542
1 0.76172 0.33203 0.063542 0.063542
1 0.83594 0.31836 0.063542 0.063542
1 0.85352 0.27344 0.063542 0.063542
1 0.87305 0.20703 0.063542 0.063542
1 0.85547 0.12891 0.063542 0.063542
1 0.90039 0.085938 0.063542 0.063542
