1 0.46484 0.91406 0.052656 0.052656
1 0.5166 0.92871 0.052656 0.052656
1 0.44336 0.88379 0.052656 0.052656
1 0.45801 0.85547 0.052656 0.052656
1 0.55566 0.91699 0.052656 0.052656
1 0.57129 0.88672 0.052656 0.052656
1 0.51855 0.82324 0.052656 0.052656
1 0.54395 0.75391 0.052656 0.052656
1 0.60742 0.77344 0.052656 0.052656
1 0.57813 0.81934 0.052656 0.052656
1 0.55469 0.79492 0.052656 0.052656
1 0.67285 0.64258 0.052656 0.052656
1 0.56836 0.62109 0.052656 0.052656
1 0.55957 0.55859 0.052656 0.052656
1 0.65039 0.54688 0.052656 0.052656
1 0.53125 0.4707 0.052656 0.052656
1 0.63281 0.4707 0.052656 0.052656
1 0.62305 0.50781 0.052656 0.052656
1 0.49805 0.33984 0.052656 0.052656
1 0.53613 0.33203 0.052656 0.052656
1 0.57227 0.2998 0.052656 0.052656
1 0.55273 0.26074 0.052656 0.052656
1 0.47656 0.29492 0.052656 0.052656
1 0.54688 0.19629 0.052656 0.052656
1 0.42676 0.20215 0.052656 0.052656
1 0.48438 0.10645 0.052656 0.052656
1 0.49512 0.06543 0.052656 0.052656
1 0.61719 0.59766 0.052656 0.052656
