1 0.29785 0.96387 0.057292 0.057292
1 0.27832 0.84668 0.057292 0.057292
1 0.37988 0.83887 0.057292 0.057292
1 0.36816 0.8916 0.057292 0.057292
1 0.37793 0.76855 0.057292 0.057292
1 0.40918 0.70605 0.057292 0.057292
1 0.54395 0.58691 0.057292 0.057292
1 0.75879 0.6084 0.057292 0.057292
1 0.69824 0.6748 0.057292 0.057292
1 0.58105 0.73438 0.057292 0.057292
1 0.23926 0.1123 0.057292 0.057292
1 0.3877 0.1709 0.057292 0.057292
1 0.34082 0.2627 0.057292 0.057292
1 0.37598 0.31738 0.057292 0.057292
1 0.45605 0.32715 0.057292 0.057292
1 0.52441 0.44434 0.057292 0.057292
1 0.65137 0.4541 0.057292 0.057292
1 0.71973 0.51465 0.057292 0.057292
