1 0.76172 0.94434 0.054688 0.054688
1 0.75879 0.88477 0.054688 0.054688
1 0.8916 0.95703 0.054688 0.054688
1 0.89063 0.91113 0.054688 0.054688
1 0.84375 0.91992 0.054688 0.054688
1 0.86133 0.87695 0.054688 0.054688
1 0.82324 0.84473 0.054688 0.054688
1 0.8916 0.82617 0.054688 0.054688
1 0.84668 0.79102 0.054688 0.054688
1 0.90039 0.75098 0.054688 0.054688
1 0.86035 0.75879 0.054688 0.054688
1 0.87891 0.71289 0.054688 0.054688
1 0.7832 0.74023 0.054688 0.054688
1 0.79395 0.71191 0.054688 0.054688
1 0.86621 0.6582 0.054688 0.054688
1 0.89844 0.62305 0.054688 0.054688
1 0.80762 0.66113 0.054688 0.054688
1 0.79785 0.57227 0.054688 0.054688
1 0.85645 0.54785 0.054688 0.054688
1 0.84766 0.50488 0.054688 0.054688
1 0.89844 0.46289 0.054688 0.054688
1 0.85547 0.38086 0.054688 0.054688
1 0.87109 0.33496 0.054688 0.054688
1 0.83203 0.34863 0.054688 0.054688
1 0.79883 0.35059 0.054688 0.054688
1 0.75977 0.39648 0.054688 0.054688
1 0.76758 0.33594 0.054688 0.054688
1 0.77051 0.2832 0.054688 0.054688
1 0.74316 0.72852 0.054688 0.054688
1 0.73438 0.75781 0.054688 0.054688
1 0.73145 0.85254 0.054688 0.054688
1 0.66211 0.79102 0.054688 0.054688
1 0.62695 0.76465 0.054688 0.054688
1 0.68848 0.70898 0.054688 0.054688
1 0.66016 0.7002 0.054688 0.054688
1 0.58594 0.72559 0.054688 0.054688
1 0.66992 0.63184 0.054688 0.054688
1 0.61035 0.62695 0.054688 0.054688
1 0.56738 0.59668 0.054688 0.054688
1 0.55762 0.64648 0.054688 0.054688
1 0.51563 0.63477 0.054688 0.054688
1 0.5332 0.67188 0.054688 0.054688
1 0.5166 0.69629 0.054688 0.054688
1 0.46875 0.63477 0.054688 0.054688
1 0.4082 0.62305 0.054688 0.054688
1 0.37598 0.63281 0.054688 0.054688
1 0.37988 0.60254 0.054688 0.054688
1 0.32422 0.60059 0.054688 0.054688
1 0.3252 0.55176 0.054688 0.054688
1 0.37402 0.50488 0.054688 0.054688
1 0.36914 0.45117 0.054688 0.054688
1 0.33105 0.50977 0.054688 0.054688
1 0.32227 0.47461 0.054688 0.054688
1 0.27344 0.3916 0.054688 0.054688
1 0.25391 0.41895 0.054688 0.054688
1 0.23438 0.54395 0.054688 0.054688
1 0.25098 0.49023 0.054688 0.054688
1 0.19434 0.53516 0.054688 0.054688
1 0.20898 0.42578 0.054688 0.054688
1 0.16992 0.50488 0.054688 0.054688
1 0.1543 0.43359 0.054688 0.054688
1 0.06543 0.45996 0.054688 0.054688
1 0.058594 0.34082 0.054688 0.054688
1 0.05957 0.40039 0.054688 0.054688
