1 0.30078 0.97266 0.063542 0.063542
1 0.23242 0.86523 0.063542 0.063542
1 0.29688 0.92578 0.063542 0.063542
1 0.38281 0.81445 0.063542 0.063542
1 0.44336 0.77539 0.063542 0.063542
1 0.39453 0.64258 0.063542 0.063542
1 0.42578 0.63477 0.063542 0.063542
1 0.31836 0.80469 0.063542 0.063542
1 0.51172 0.625 0.063542 0.063542
1 0.51758 0.58984 0.063542 0.063542
1 0.54102 0.55273 0.063542 0.063542
1 0.58008 0.6582 0.063542 0.063542
1 0.57813 0.51563 0.063542 0.063542
1 0.61719 0.45703 0.063542 0.063542
1 0.64063 0.46484 0.063542 0.063542
1 0.65625 0.36523 0.063542 0.063542
1 0.69141 0.37305 0.063542 0.063542
1 0.71875 0.31641 0.063542 0.063542
1 0.73828 0.46094 0.063542 0.063542
1 0.68359 0.5332 0.063542 0.063542
1 0.73828 0.14844 0.063542 0.063542
1 0.125 0.91797 0.063542 0.063542
1 0.14844 0.86328 0.063542 0.063542
1 0.15625 0.78516 0.063542 0.063542
1 0.13281 0.64648 0.063542 0.063542
1 0.16992 0.64258 0.063542 0.063542
1 0.060547 0.62305 0.063542 0.063542
1 0.11133 0.59375 0.063542 0.063542
1 0.15039 0.60547 0.063542 0.063542
1 0.16406 0.53906 0.063542 0.063542
1 0.1582 0.46875 0.063542 0.063542
1 0.1582 0.4082 0.063542 0.063542
1 0.17578 0.35938 0.063542 0.063542
1 0.11328 0.35547 0.063542 0.063542
1 0.10352 0.29492 0.063542 0.063542
