1 0.96484 0.40723 0.057292 0.057292
1 0.9541 0.46191 0.057292 0.057292
1 0.8877 0.46191 0.057292 0.057292
1 0.86133 0.44043 0.057292 0.057292
1 0.89355 0.34082 0.057292 0.057292
1 0.84375 0.35352 0.057292 0.057292
1 0.77539 0.50098 0.057292 0.057292
1 0.73242 0.5625 0.057292 0.057292
1 0.72559 0.44824 0.057292 0.057292
1 0.63477 0.43457 0.057292 0.057292
1 0.61035 0.56348 0.057292 0.057292
1 0.64258 0.50684 0.057292 0.057292
1 0.70215 0.5 0.057292 0.057292
1 0.50684 0.42969 0.057292 0.057292
1 0.49414 0.50879 0.057292 0.057292
1 0.46875 0.51465 0.057292 0.057292
1 0.44336 0.52832 0.057292 0.057292
1 0.41016 0.51172 0.057292 0.057292
1 0.38281 0.49805 0.057292 0.057292
1 0.33789 0.54004 0.057292 0.057292
1 0.30664 0.56641 0.057292 0.057292
1 0.31348 0.46973 0.057292 0.057292
1 0.28027 0.4375 0.057292 0.057292
1 0.25293 0.51758 0.057292 0.057292
1 0.25098 0.46875 0.057292 0.057292
1 0.18164 0.54395 0.057292 0.057292
1 0.1709 0.46191 0.057292 0.057292
1 0.087891 0.52148 0.057292 0.057292
1 0.11426 0.47559 0.057292 0.057292
