1 0.75879 0.079102 0.057292 0.057292
1 0.66113 0.12793 0.057292 0.057292
1 0.53418 0.11621 0.057292 0.057292
1 0.52832 0.1709 0.057292 0.057292
1 0.5166 0.2002 0.057292 0.057292
1 0.52832 0.24707 0.057292 0.057292
1 0.63379 0.2334 0.057292 0.057292
1 0.43848 0.39941 0.057292 0.057292
1 0.45215 0.4248 0.057292 0.057292
1 0.55762 0.4541 0.057292 0.057292
1 0.55957 0.39941 0.057292 0.057292
1 0.52832 0.5625 0.057292 0.057292
1 0.37207 0.46191 0.057292 0.057292
1 0.36426 0.6377 0.057292 0.057292
1 0.36426 0.66504 0.057292 0.057292
1 0.42676 0.78223 0.057292 0.057292
1 0.31738 0.75293 0.057292 0.057292
1 0.33105 0.7959 0.057292 0.057292
1 0.27441 0.81543 0.057292 0.057292
1 0.24316 0.84082 0.057292 0.057292
1 0.2373 0.8877 0.057292 0.057292
1 0.40332 0.88672 0.057292 0.057292
1 0.44824 0.8877 0.057292 0.057292
1 0.40137 0.83887 0.057292 0.057292
1 0.5752 0.51172 0.057292 0.057292
1 0.59863 0.3877 0.057292 0.057292
1 0.45801 0.29492 0.057292 0.057292
