1 0.91016 0.80078 0.0625 0.0625
1 0.94922 0.75098 0.0625 0.0625
1 0.90234 0.70508 0.0625 0.0625
1 0.87305 0.69336 0.0625 0.0625
1 0.86523 0.81152 0.0625 0.0625
1 0.83105 0.75684 0.0625 0.0625
1 0.76172 0.80469 0.0625 0.0625
1 0.81152 0.65234 0.0625 0.0625
1 0.80762 0.7041 0.0625 0.0625
1 0.79785 0.73633 0.0625 0.0625
1 0.74512 0.60938 0.0625 0.0625
1 0.72656 0.67578 0.0625 0.0625
1 0.71289 0.70703 0.0625 0.0625
1 0.68262 0.70898 0.0625 0.0625
1 0.64063 0.66309 0.0625 0.0625
1 0.60547 0.61719 0.0625 0.0625
1 0.66309 0.5791 0.0625 0.0625
1 0.62695 0.57422 0.0625 0.0625
1 0.55957 0.54492 0.0625 0.0625
1 0.54883 0.6377 0.0625 0.0625
1 0.51074 0.63672 0.0625 0.0625
1 0.46387 0.60547 0.0625 0.0625
1 0.47852 0.5459 0.0625 0.0625
1 0.52051 0.51953 0.0625 0.0625
1 0.41797 0.54883 0.0625 0.0625
1 0.41797 0.49805 0.0625 0.0625
1 0.36523 0.49609 0.0625 0.0625
1 0.375 0.41602 0.0625 0.0625
1 0.29785 0.43848 0.0625 0.0625
1 0.31348 0.41016 0.0625 0.0625
1 0.26563 0.3916 0.0625 0.0625
1 0.29102 0.35938 0.0625 0.0625
1 0.24023 0.34863 0.0625 0.0625
1 0.23145 0.45508 0.0625 0.0625
1 0.17773 0.41797 0.0625 0.0625
1 0.16211 0.38867 0.0625 0.0625
1 0.19336 0.37207 0.0625 0.0625
1 0.13379 0.33594 0.0625 0.0625
1 0.1875 0.26855 0.0625 0.0625
1 0.064453 0.26074 0.0625 0.0625
