1 0.19043 0.90527 0.057292 0.057292
1 0.22754 0.87207 0.057292 0.057292
1 0.24121 0.80957 0.057292 0.057292
1 0.2666 0.68652 0.057292 0.057292
1 0.31738 0.62012 0.057292 0.057292
1 0.18652 0.72754 0.057292 0.057292
1 0.40723 0.49414 0.057292 0.057292
1 0.36035 0.48535 0.057292 0.057292
1 0.29004 0.83105 0.057292 0.057292
1 0.34277 0.39551 0.057292 0.057292
1 0.31348 0.32715 0.057292 0.057292
1 0.43066 0.31738 0.057292 0.057292
1 0.43457 0.19824 0.057292 0.057292
1 0.53223 0.27637 0.057292 0.057292
1 0.5166 0.40723 0.057292 0.057292
1 0.66113 0.36035 0.057292 0.057292
1 0.71387 0.58887 0.057292 0.057292
1 0.68066 0.56738 0.057292 0.057292
1 0.66309 0.5127 0.057292 0.057292
1 0.55957 0.5498 0.057292 0.057292
