1 0.082031 0.45508 0.057292 0.057292
1 0.12109 0.57129 0.057292 0.057292
1 0.32227 0.50293 0.057292 0.057292
1 0.4043 0.49805 0.057292 0.057292
1 0.50488 0.51367 0.057292 0.057292
1 0.55078 0.52344 0.057292 0.057292
1 0.58105 0.52441 0.057292 0.057292
1 0.5498 0.44824 0.057292 0.057292
1 0.63086 0.46094 0.057292 0.057292
1 0.63086 0.5293 0.057292 0.057292
1 0.69727 0.53125 0.057292 0.057292
1 0.67676 0.49512 0.057292 0.057292
1 0.72266 0.55273 0.057292 0.057292
1 0.74023 0.5293 0.057292 0.057292
1 0.78906 0.54102 0.057292 0.057292
1 0.71289 0.49707 0.057292 0.057292
1 0.75879 0.44629 0.057292 0.057292
1 0.84766 0.47656 0.057292 0.057292
1 0.85254 0.54297 0.057292 0.057292
1 0.88281 0.44434 0.057292 0.057292
1 0.91504 0.53223 0.057292 0.057292
1 0.93164 0.41309 0.057292 0.057292
