1 0.89355 0.24902 0.057292 0.057292
1 0.83691 0.3291 0.057292 0.057292
1 0.94238 0.42676 0.057292 0.057292
1 0.71582 0.37207 0.057292 0.057292
1 0.71973 0.41895 0.057292 0.057292
1 0.79785 0.46875 0.057292 0.057292
1 0.6084 0.37988 0.057292 0.057292
1 0.60254 0.4209 0.057292 0.057292
1 0.54785 0.41895 0.057292 0.057292
1 0.41699 0.49121 0.057292 0.057292
1 0.086914 0.41504 0.057292 0.057292
1 0.12207 0.4502 0.057292 0.057292
1 0.1416 0.4873 0.057292 0.057292
1 0.20996 0.46973 0.057292 0.057292
1 0.37793 0.48926 0.057292 0.057292
1 0.56738 0.28223 0.057292 0.057292
1 0.56738 0.20801 0.057292 0.057292
1 0.66504 0.26465 0.057292 0.057292
1 0.37598 0.17285 0.057292 0.057292
1 0.30762 0.41895 0.057292 0.057292
1 0.31543 0.47559 0.057292 0.057292
1 0.37988 0.45703 0.057292 0.057292
1 0.34082 0.52441 0.057292 0.057292
1 0.51465 0.25098 0.057292 0.057292
1 0.70996 0.32129 0.057292 0.057292
1 0.72363 0.27051 0.057292 0.057292
1 0.49316 0.37793 0.057292 0.057292
