1 0.2207 0.023438 0.063542 0.063542
1 0.21875 0.064453 0.063542 0.063542
1 0.13281 0.091797 0.063542 0.063542
1 0.18555 0.15039 0.063542 0.063542
1 0.25977 0.18945 0.063542 0.063542
1 0.21094 0.34375 0.063542 0.063542
1 0.23828 0.34375 0.063542 0.063542
1 0.30078 0.34375 0.063542 0.063542
1 0.34375 0.36914 0.063542 0.063542
1 0.30273 0.4375 0.063542 0.063542
1 0.35156 0.46289 0.063542 0.063542
1 0.39844 0.48633 0.063542 0.063542
1 0.44336 0.4707 0.063542 0.063542
1 0.49023 0.42773 0.063542 0.063542
1 0.51758 0.45117 0.063542 0.063542
1 0.48047 0.53125 0.063542 0.063542
1 0.60352 0.66602 0.063542 0.063542
1 0.64648 0.68359 0.063542 0.063542
1 0.65234 0.73438 0.063542 0.063542
1 0.65039 0.98242 0.063542 0.063542
1 0.69531 0.92969 0.063542 0.063542
1 0.70508 0.86328 0.063542 0.063542
1 0.6875 0.82227 0.063542 0.063542
1 0.7168 0.78125 0.063542 0.063542
1 0.79492 0.62891 0.063542 0.063542
1 0.79492 0.58984 0.063542 0.063542
1 0.76758 0.54297 0.063542 0.063542
1 0.70313 0.58398 0.063542 0.063542
1 0.69922 0.61523 0.063542 0.063542
1 0.77539 0.75391 0.063542 0.063542
1 0.16992 0.013672 0.063542 0.063542
