1 0.094727 0.4873 0.057292 0.057292
1 0.13574 0.59863 0.057292 0.057292
1 0.33496 0.53418 0.057292 0.057292
1 0.41895 0.52246 0.057292 0.057292
1 0.59277 0.55371 0.057292 0.057292
1 0.56152 0.54688 0.057292 0.057292
1 0.6377 0.49316 0.057292 0.057292
1 0.64746 0.55762 0.057292 0.057292
1 0.71191 0.55762 0.057292 0.057292
1 0.69043 0.52637 0.057292 0.057292
1 0.44824 0.44434 0.057292 0.057292
1 0.56738 0.47559 0.057292 0.057292
1 0.52637 0.53809 0.057292 0.057292
1 0.76074 0.55762 0.057292 0.057292
1 0.80371 0.60352 0.057292 0.057292
1 0.78809 0.56934 0.057292 0.057292
1 0.77637 0.46777 0.057292 0.057292
1 0.93652 0.43848 0.057292 0.057292
1 0.90137 0.47559 0.057292 0.057292
1 0.86621 0.49902 0.057292 0.057292
1 0.83203 0.49121 0.057292 0.057292
1 0.93555 0.55762 0.057292 0.057292
1 0.76465 0.51465 0.057292 0.057292
