1 0.38574 0.37988 0.057292 0.057292
1 0.55566 0.5498 0.057292 0.057292
1 0.52051 0.50684 0.057292 0.057292
1 0.51855 0.45801 0.057292 0.057292
1 0.32129 0.21387 0.057292 0.057292
1 0.35254 0.29785 0.057292 0.057292
1 0.23535 0.18457 0.057292 0.057292
1 0.55176 0.66113 0.057292 0.057292
1 0.55762 0.70313 0.057292 0.057292
1 0.5752 0.74707 0.057292 0.057292
1 0.59668 0.68457 0.057292 0.057292
1 0.65918 0.78906 0.057292 0.057292
1 0.70801 0.77637 0.057292 0.057292
1 0.52441 0.79395 0.057292 0.057292
