1 0.47168 0.37988 0.052651 0.052651
1 0.58105 0.38477 0.052651 0.052651
1 0.80371 0.44434 0.052651 0.052651
1 0.69043 0.56152 0.052651 0.052651
1 0.58301 0.56152 0.052651 0.052651
1 0.5791 0.52246 0.052651 0.052651
1 0.46582 0.30371 0.052651 0.052651
1 0.41895 0.26074 0.052651 0.052651
1 0.50488 0.24805 0.052651 0.052651
1 0.52637 0.31543 0.052651 0.052651
1 0.61621 0.31738 0.052651 0.052651
1 0.6123 0.44434 0.052651 0.052651
1 0.70801 0.44434 0.052651 0.052651
1 0.7002 0.38281 0.052651 0.052651
1 0.75293 0.35449 0.052651 0.052651
1 0.62793 0.36035 0.052651 0.052651
1 0.54004 0.44434 0.052651 0.052651
1 0.52051 0.4209 0.052651 0.052651
