1 0.044922 0.32422 0.057292 0.057292
1 0.079102 0.30566 0.057292 0.057292
1 0.16602 0.31055 0.057292 0.057292
1 0.14063 0.34277 0.057292 0.057292
1 0.10352 0.41406 0.057292 0.057292
1 0.19629 0.51172 0.057292 0.057292
1 0.22754 0.48242 0.057292 0.057292
1 0.2041 0.34473 0.057292 0.057292
1 0.23438 0.39941 0.057292 0.057292
1 0.29297 0.41406 0.057292 0.057292
1 0.32422 0.59082 0.057292 0.057292
1 0.32813 0.54785 0.057292 0.057292
1 0.35938 0.5 0.057292 0.057292
1 0.3457 0.4707 0.057292 0.057292
1 0.4541 0.61035 0.057292 0.057292
1 0.47363 0.59277 0.057292 0.057292
1 0.50488 0.55273 0.057292 0.057292
1 0.51172 0.49805 0.057292 0.057292
1 0.54492 0.51367 0.057292 0.057292
1 0.56836 0.48926 0.057292 0.057292
1 0.58887 0.49707 0.057292 0.057292
1 0.64258 0.50391 0.057292 0.057292
1 0.66895 0.50195 0.057292 0.057292
1 0.66895 0.56738 0.057292 0.057292
1 0.71289 0.56934 0.057292 0.057292
1 0.7666 0.54785 0.057292 0.057292
1 0.69727 0.46484 0.057292 0.057292
1 0.79102 0.47461 0.057292 0.057292
1 0.81836 0.52832 0.057292 0.057292
1 0.84863 0.56641 0.057292 0.057292
1 0.88867 0.57813 0.057292 0.057292
1 0.8623 0.53027 0.057292 0.057292
1 0.70703 0.52051 0.057292 0.057292
1 0.93164 0.44531 0.057292 0.057292
1 0.95898 0.52734 0.057292 0.057292
1 0.98047 0.60059 0.057292 0.057292
1 0.98535 0.43555 0.057292 0.057292
1 0.087891 0.056641 0.057292 0.057292
1 0.12793 0.055664 0.057292 0.057292
1 0.18164 0.050781 0.057292 0.057292
1 0.24902 0.089844 0.057292 0.057292
1 0.29199 0.060547 0.057292 0.057292
1 0.37891 0.027344 0.057292 0.057292
1 0.11426 0.099609 0.057292 0.057292
1 0.077148 0.11426 0.057292 0.057292
1 0.091797 0.15527 0.057292 0.057292
1 0.16504 0.19043 0.057292 0.057292
1 0.19336 0.19434 0.057292 0.057292
1 0.18945 0.28125 0.057292 0.057292
1 0.29492 0.23535 0.057292 0.057292
1 0.2832 0.30859 0.057292 0.057292
1 0.31836 0.32031 0.057292 0.057292
1 0.34961 0.31055 0.057292 0.057292
1 0.35254 0.35156 0.057292 0.057292
1 0.40137 0.37109 0.057292 0.057292
1 0.39551 0.33789 0.057292 0.057292
1 0.46387 0.35449 0.057292 0.057292
1 0.44336 0.31934 0.057292 0.057292
1 0.48438 0.32715 0.057292 0.057292
1 0.52441 0.34961 0.057292 0.057292
1 0.53027 0.30078 0.057292 0.057292
1 0.58301 0.33203 0.057292 0.057292
1 0.48828 0.26367 0.057292 0.057292
1 0.63281 0.30859 0.057292 0.057292
1 0.64844 0.2793 0.057292 0.057292
1 0.67383 0.40723 0.057292 0.057292
1 0.75977 0.42969 0.057292 0.057292
1 0.8291 0.3877 0.057292 0.057292
