1 0.048828 0.38086 0.057292 0.057292
1 0.079102 0.36621 0.057292 0.057292
1 0.16602 0.37109 0.057292 0.057292
1 0.14063 0.40332 0.057292 0.057292
1 0.10352 0.47461 0.057292 0.057292
1 0.19434 0.56641 0.057292 0.057292
1 0.2334 0.53125 0.057292 0.057292
1 0.2041 0.40527 0.057292 0.057292
1 0.23438 0.45996 0.057292 0.057292
1 0.29102 0.47656 0.057292 0.057292
1 0.32617 0.64746 0.057292 0.057292
1 0.33203 0.60449 0.057292 0.057292
1 0.35938 0.56055 0.057292 0.057292
1 0.3457 0.53125 0.057292 0.057292
1 0.4541 0.6709 0.057292 0.057292
1 0.47363 0.65332 0.057292 0.057292
1 0.50293 0.60742 0.057292 0.057292
1 0.51172 0.55859 0.057292 0.057292
1 0.54492 0.57422 0.057292 0.057292
1 0.56836 0.5498 0.057292 0.057292
1 0.58887 0.55762 0.057292 0.057292
1 0.64258 0.56445 0.057292 0.057292
1 0.66895 0.5625 0.057292 0.057292
1 0.66895 0.62793 0.057292 0.057292
1 0.71094 0.63184 0.057292 0.057292
1 0.7666 0.6084 0.057292 0.057292
1 0.69727 0.52539 0.057292 0.057292
1 0.78711 0.53711 0.057292 0.057292
1 0.81836 0.58887 0.057292 0.057292
1 0.84863 0.62695 0.057292 0.057292
1 0.88867 0.63867 0.057292 0.057292
1 0.8623 0.59082 0.057292 0.057292
1 0.70703 0.58105 0.057292 0.057292
1 0.93164 0.51172 0.057292 0.057292
1 0.95898 0.58789 0.057292 0.057292
1 0.98047 0.66113 0.057292 0.057292
1 0.98145 0.48633 0.057292 0.057292
1 0.087891 0.11719 0.057292 0.057292
1 0.12793 0.11621 0.057292 0.057292
1 0.18164 0.11133 0.057292 0.057292
1 0.24902 0.15039 0.057292 0.057292
1 0.29199 0.12109 0.057292 0.057292
1 0.37109 0.089844 0.057292 0.057292
1 0.11426 0.16016 0.057292 0.057292
1 0.077148 0.1748 0.057292 0.057292
1 0.091797 0.21582 0.057292 0.057292
1 0.16504 0.25098 0.057292 0.057292
1 0.19336 0.25488 0.057292 0.057292
1 0.18945 0.3418 0.057292 0.057292
1 0.29492 0.2959 0.057292 0.057292
1 0.2832 0.36914 0.057292 0.057292
1 0.31836 0.38086 0.057292 0.057292
1 0.34961 0.37109 0.057292 0.057292
1 0.35254 0.41211 0.057292 0.057292
1 0.40137 0.43164 0.057292 0.057292
1 0.39551 0.39844 0.057292 0.057292
1 0.46387 0.41504 0.057292 0.057292
1 0.44336 0.37988 0.057292 0.057292
1 0.48438 0.3877 0.057292 0.057292
1 0.52441 0.41016 0.057292 0.057292
1 0.53027 0.36133 0.057292 0.057292
1 0.58301 0.39258 0.057292 0.057292
1 0.48828 0.32422 0.057292 0.057292
1 0.63281 0.36914 0.057292 0.057292
1 0.64844 0.33984 0.057292 0.057292
1 0.67383 0.46777 0.057292 0.057292
1 0.75977 0.49023 0.057292 0.057292
1 0.8291 0.44824 0.057292 0.057292
