1 0.39551 0.79395 0.057292 0.057292
1 0.42676 0.68848 0.057292 0.057292
1 0.45801 0.6416 0.057292 0.057292
1 0.59082 0.69238 0.057292 0.057292
1 0.5791 0.63184 0.057292 0.057292
1 0.56543 0.58203 0.057292 0.057292
1 0.54785 0.50879 0.057292 0.057292
1 0.63965 0.4707 0.057292 0.057292
1 0.58691 0.5332 0.057292 0.057292
1 0.66504 0.55859 0.057292 0.057292
1 0.66895 0.6377 0.057292 0.057292
1 0.53613 0.86035 0.057292 0.057292
1 0.46973 0.37598 0.057292 0.057292
1 0.67871 0.36816 0.057292 0.057292
1 0.6416 0.31348 0.057292 0.057292
1 0.66699 0.2666 0.057292 0.057292
1 0.53418 0.20215 0.057292 0.057292
1 0.52832 0.12109 0.057292 0.057292
1 0.56348 0.14648 0.057292 0.057292
