1 0.89355 0.66016 0.054688 0.054688
1 0.83398 0.66406 0.054688 0.054688
1 0.77637 0.68066 0.054688 0.054688
1 0.76172 0.64453 0.054688 0.054688
1 0.72754 0.58789 0.054688 0.054688
1 0.69824 0.67773 0.054688 0.054688
1 0.66406 0.69043 0.054688 0.054688
1 0.63477 0.66211 0.054688 0.054688
1 0.66113 0.56348 0.054688 0.054688
1 0.59375 0.63867 0.054688 0.054688
1 0.56543 0.625 0.054688 0.054688
1 0.56738 0.57813 0.054688 0.054688
1 0.51953 0.57617 0.054688 0.054688
1 0.49414 0.5625 0.054688 0.054688
1 0.47363 0.65723 0.054688 0.054688
1 0.41992 0.64551 0.054688 0.054688
1 0.44629 0.59766 0.054688 0.054688
1 0.37891 0.5918 0.054688 0.054688
1 0.29395 0.54199 0.054688 0.054688
1 0.27441 0.61523 0.054688 0.054688
1 0.29004 0.66992 0.054688 0.054688
1 0.34766 0.64648 0.054688 0.054688
1 0.6123 0.60742 0.054688 0.054688
