1 0.76563 0.98145 0.054688 0.054688
1 0.7627 0.93359 0.054688 0.054688
1 0.94043 0.9707 0.054688 0.054688
1 0.89453 0.95996 0.054688 0.054688
1 0.84766 0.96875 0.054688 0.054688
1 0.86523 0.92578 0.054688 0.054688
1 0.82715 0.89355 0.054688 0.054688
1 0.89551 0.875 0.054688 0.054688
1 0.85059 0.83984 0.054688 0.054688
1 0.9043 0.7998 0.054688 0.054688
1 0.86426 0.80762 0.054688 0.054688
1 0.88281 0.76172 0.054688 0.054688
1 0.79102 0.78906 0.054688 0.054688
1 0.79785 0.76074 0.054688 0.054688
1 0.87012 0.70703 0.054688 0.054688
1 0.89453 0.66992 0.054688 0.054688
1 0.81152 0.70996 0.054688 0.054688
1 0.80176 0.61914 0.054688 0.054688
1 0.86035 0.59277 0.054688 0.054688
1 0.85156 0.55371 0.054688 0.054688
1 0.89844 0.50781 0.054688 0.054688
1 0.85938 0.42969 0.054688 0.054688
1 0.875 0.38379 0.054688 0.054688
1 0.83594 0.39746 0.054688 0.054688
1 0.80273 0.39941 0.054688 0.054688
1 0.76367 0.44531 0.054688 0.054688
1 0.77148 0.38477 0.054688 0.054688
1 0.77441 0.33203 0.054688 0.054688
1 0.74707 0.77734 0.054688 0.054688
1 0.73828 0.80664 0.054688 0.054688
1 0.73535 0.90137 0.054688 0.054688
1 0.66602 0.83984 0.054688 0.054688
1 0.63086 0.81348 0.054688 0.054688
1 0.69238 0.75781 0.054688 0.054688
1 0.66406 0.74902 0.054688 0.054688
1 0.58984 0.77441 0.054688 0.054688
1 0.67383 0.68066 0.054688 0.054688
1 0.61426 0.67578 0.054688 0.054688
1 0.57129 0.64551 0.054688 0.054688
1 0.56152 0.69531 0.054688 0.054688
1 0.51953 0.68359 0.054688 0.054688
1 0.53711 0.7207 0.054688 0.054688
1 0.52051 0.74512 0.054688 0.054688
1 0.47266 0.68359 0.054688 0.054688
1 0.41211 0.67188 0.054688 0.054688
1 0.37988 0.68164 0.054688 0.054688
1 0.38379 0.65137 0.054688 0.054688
1 0.32813 0.64941 0.054688 0.054688
1 0.3291 0.60059 0.054688 0.054688
1 0.37793 0.55371 0.054688 0.054688
1 0.37305 0.5 0.054688 0.054688
1 0.33496 0.55859 0.054688 0.054688
1 0.32617 0.52344 0.054688 0.054688
1 0.27734 0.44043 0.054688 0.054688
1 0.25781 0.46777 0.054688 0.054688
1 0.23828 0.59277 0.054688 0.054688
1 0.25488 0.53906 0.054688 0.054688
1 0.19824 0.58398 0.054688 0.054688
1 0.21289 0.47461 0.054688 0.054688
1 0.17383 0.55371 0.054688 0.054688
1 0.1582 0.48242 0.054688 0.054688
1 0.069336 0.50879 0.054688 0.054688
1 0.0625 0.38965 0.054688 0.054688
1 0.063477 0.44922 0.054688 0.054688
