1 0.94043 0.47656 0.057292 0.057292
1 0.92285 0.44531 0.057292 0.057292
1 0.9668 0.39453 0.057292 0.057292
1 0.87598 0.37891 0.057292 0.057292
1 0.85449 0.44727 0.057292 0.057292
1 0.8291 0.375 0.057292 0.057292
1 0.77734 0.40039 0.057292 0.057292
1 0.73926 0.34863 0.057292 0.057292
1 0.71973 0.375 0.057292 0.057292
1 0.78711 0.48047 0.057292 0.057292
1 0.75488 0.46875 0.057292 0.057292
1 0.72168 0.47266 0.057292 0.057292
1 0.66602 0.49805 0.057292 0.057292
1 0.65039 0.52734 0.057292 0.057292
1 0.59961 0.47461 0.057292 0.057292
1 0.58203 0.49316 0.057292 0.057292
1 0.56738 0.41113 0.057292 0.057292
1 0.54688 0.31836 0.057292 0.057292
1 0.51074 0.47656 0.057292 0.057292
1 0.41992 0.37109 0.057292 0.057292
1 0.39453 0.5 0.057292 0.057292
1 0.34277 0.53809 0.057292 0.057292
1 0.27539 0.50488 0.057292 0.057292
1 0.19629 0.49902 0.057292 0.057292
1 0.21582 0.41211 0.057292 0.057292
1 0.12305 0.4209 0.057292 0.057292
1 0.063477 0.49707 0.057292 0.057292
1 0.47559 0.44238 0.057292 0.057292
1 0.1748 0.53906 0.057292 0.057292
1 0.23242 0.54688 0.057292 0.057292
1 0.28711 0.55469 0.057292 0.057292
1 0.28613 0.4541 0.057292 0.057292
1 0.31836 0.45313 0.057292 0.057292
1 0.054688 0.55664 0.057292 0.057292
