1 0.43262 0.11035 0.057292 0.057292
1 0.61719 0.081055 0.057292 0.057292
1 0.5625 0.083984 0.057292 0.057292
1 0.47754 0.071289 0.057292 0.057292
1 0.49707 0.18066 0.057292 0.057292
1 0.48242 0.20703 0.057292 0.057292
1 0.50391 0.25391 0.057292 0.057292
1 0.66602 0.25 0.057292 0.057292
1 0.96094 0.28906 0.057292 0.057292
1 0.91406 0.17969 0.057292 0.057292
1 0.34375 0.40625 0.057292 0.057292
1 0.18262 0.61914 0.057292 0.057292
1 0.15234 0.69141 0.057292 0.057292
1 0.32422 0.75391 0.057292 0.057292
1 0.39063 0.83008 0.057292 0.057292
1 0.39355 0.89258 0.057292 0.057292
1 0.39648 0.78125 0.057292 0.057292
1 0.36621 0.9375 0.057292 0.057292
