1 0.55957 0.057617 0.057292 0.057292
1 0.72754 0.014648 0.057292 0.057292
1 0.6377 0.16113 0.057292 0.057292
1 0.63379 0.23145 0.057292 0.057292
1 0.57324 0.29004 0.057292 0.057292
1 0.6084 0.2959 0.057292 0.057292
1 0.65723 0.33301 0.057292 0.057292
1 0.55371 0.35645 0.057292 0.057292
1 0.55957 0.50488 0.057292 0.057292
1 0.51465 0.50684 0.057292 0.057292
1 0.53613 0.56738 0.057292 0.057292
1 0.59473 0.58691 0.057292 0.057292
1 0.61816 0.6123 0.057292 0.057292
1 0.61035 0.7002 0.057292 0.057292
1 0.70801 0.49316 0.057292 0.057292
1 0.67676 0.4502 0.057292 0.057292
1 0.64551 0.41504 0.057292 0.057292
1 0.6377 0.53613 0.057292 0.057292
1 0.45801 0.68262 0.057292 0.057292
1 0.41895 0.65527 0.057292 0.057292
1 0.49316 0.57813 0.057292 0.057292
1 0.50488 0.6377 0.057292 0.057292
1 0.4541 0.96387 0.057292 0.057292
1 0.44434 0.8916 0.057292 0.057292
1 0.3291 0.4502 0.057292 0.057292
1 0.34863 0.40625 0.057292 0.057292
1 0.28223 0.3877 0.057292 0.057292
1 0.30957 0.33496 0.057292 0.057292
1 0.2627 0.22754 0.057292 0.057292
1 0.22363 0.2002 0.057292 0.057292
1 0.34082 0.16504 0.057292 0.057292
1 0.33691 0.26758 0.057292 0.057292
