1 0.11719 0.25 0.063542 0.063542
1 0.27344 0.20508 0.063542 0.063542
1 0.21875 0.20313 0.063542 0.063542
1 0.18555 0.28125 0.063542 0.063542
1 0.32422 0.25977 0.063542 0.063542
1 0.37305 0.26367 0.063542 0.063542
1 0.33008 0.32813 0.063542 0.063542
1 0.37305 0.32227 0.063542 0.063542
1 0.31445 0.36719 0.063542 0.063542
1 0.35742 0.43164 0.063542 0.063542
1 0.41797 0.44922 0.063542 0.063542
1 0.41016 0.35156 0.063542 0.063542
1 0.48047 0.38477 0.063542 0.063542
1 0.50586 0.50586 0.063542 0.063542
1 0.47852 0.47656 0.063542 0.063542
1 0.51953 0.43945 0.063542 0.063542
1 0.58594 0.41797 0.063542 0.063542
1 0.58008 0.45313 0.063542 0.063542
1 0.57617 0.51367 0.063542 0.063542
1 0.62695 0.52148 0.063542 0.063542
1 0.6543 0.49609 0.063542 0.063542
1 0.66211 0.46289 0.063542 0.063542
1 0.63867 0.43164 0.063542 0.063542
1 0.70898 0.48828 0.063542 0.063542
1 0.6875 0.56055 0.063542 0.063542
1 0.74609 0.52148 0.063542 0.063542
1 0.75391 0.58008 0.063542 0.063542
1 0.85156 0.63477 0.063542 0.063542
1 0.77344 0.69922 0.063542 0.063542
1 0.91992 0.75586 0.063542 0.063542
1 0.87891 0.71484 0.063542 0.063542
1 0.89648 0.79492 0.063542 0.063542
1 0.89648 0.83398 0.063542 0.063542
