1 0.13379 0.53418 0.057292 0.057292
1 0.15918 0.4873 0.057292 0.057292
1 0.21582 0.47949 0.057292 0.057292
1 0.22754 0.56543 0.057292 0.057292
1 0.29785 0.54004 0.057292 0.057292
1 0.29785 0.48926 0.057292 0.057292
1 0.3584 0.4834 0.057292 0.057292
1 0.32715 0.4541 0.057292 0.057292
1 0.34668 0.5791 0.057292 0.057292
1 0.37793 0.55371 0.057292 0.057292
1 0.39746 0.47754 0.057292 0.057292
1 0.44629 0.48535 0.057292 0.057292
1 0.45801 0.46387 0.057292 0.057292
1 0.49512 0.47461 0.057292 0.057292
1 0.68066 0.45605 0.057292 0.057292
1 0.94434 0.54199 0.057292 0.057292
1 0.43066 0.55176 0.057292 0.057292
1 0.46094 0.52832 0.057292 0.057292
1 0.48535 0.55078 0.057292 0.057292
1 0.90527 0.45801 0.057292 0.057292
1 0.92676 0.48047 0.057292 0.057292
1 0.9541 0.46387 0.057292 0.057292
1 0.9502 0.5332 0.057292 0.057292
1 0.7666 0.46191 0.057292 0.057292
1 0.69238 0.52832 0.057292 0.057292
