1 0.17773 0.40234 0.063542 0.063542
1 0.26367 0.28906 0.063542 0.063542
1 0.33203 0.29883 0.063542 0.063542
1 0.20508 0.28906 0.063542 0.063542
1 0.25977 0.42578 0.063542 0.063542
1 0.28906 0.44531 0.063542 0.063542
1 0.32813 0.4707 0.063542 0.063542
1 0.38477 0.50977 0.063542 0.063542
1 0.38672 0.39844 0.063542 0.063542
1 0.41797 0.43555 0.063542 0.063542
1 0.48242 0.46484 0.063542 0.063542
1 0.5 0.55078 0.063542 0.063542
1 0.5332 0.57227 0.063542 0.063542
1 0.54102 0.48047 0.063542 0.063542
1 0.57422 0.47656 0.063542 0.063542
1 0.59375 0.61523 0.063542 0.063542
1 0.62891 0.55078 0.063542 0.063542
1 0.68555 0.48242 0.063542 0.063542
1 0.70703 0.62109 0.063542 0.063542
1 0.74609 0.56445 0.063542 0.063542
1 0.74414 0.49609 0.063542 0.063542
1 0.84766 0.54688 0.063542 0.063542
