1 0.88477 0.32227 0.057292 0.057292
1 0.88086 0.24414 0.057292 0.057292
1 0.82813 0.2998 0.057292 0.057292
1 0.81348 0.31738 0.057292 0.057292
1 0.83105 0.3418 0.057292 0.057292
1 0.74512 0.31445 0.057292 0.057292
1 0.71094 0.3457 0.057292 0.057292
1 0.71387 0.37695 0.057292 0.057292
1 0.74902 0.4375 0.057292 0.057292
1 0.72461 0.46191 0.057292 0.057292
1 0.66309 0.35742 0.057292 0.057292
1 0.62305 0.44531 0.057292 0.057292
1 0.61621 0.49121 0.057292 0.057292
1 0.66797 0.53711 0.057292 0.057292
1 0.5625 0.43652 0.057292 0.057292
1 0.53027 0.47949 0.057292 0.057292
1 0.54395 0.58301 0.057292 0.057292
1 0.60352 0.57227 0.057292 0.057292
1 0.54199 0.53125 0.057292 0.057292
1 0.49902 0.58203 0.057292 0.057292
1 0.49805 0.50586 0.057292 0.057292
1 0.43164 0.47656 0.057292 0.057292
1 0.41309 0.56934 0.057292 0.057292
1 0.38965 0.58008 0.057292 0.057292
1 0.4668 0.66699 0.057292 0.057292
1 0.37305 0.73242 0.057292 0.057292
1 0.30566 0.62402 0.057292 0.057292
1 0.25586 0.6582 0.057292 0.057292
1 0.22656 0.60156 0.057292 0.057292
1 0.2041 0.6709 0.057292 0.057292
1 0.17578 0.69141 0.057292 0.057292
1 0.12695 0.68652 0.057292 0.057292
1 0.26758 0.74805 0.057292 0.057292
1 0.25391 0.77246 0.057292 0.057292
1 0.066406 0.71484 0.057292 0.057292
