1 0.85449 0.89453 0.057292 0.057292
1 0.78223 0.96191 0.057292 0.057292
1 0.75488 0.93652 0.057292 0.057292
1 0.67383 0.8125 0.057292 0.057292
1 0.71582 0.77539 0.057292 0.057292
1 0.63477 0.71875 0.057292 0.057292
1 0.56152 0.64355 0.057292 0.057292
1 0.58594 0.60547 0.057292 0.057292
1 0.57227 0.5752 0.057292 0.057292
1 0.55957 0.5459 0.057292 0.057292
1 0.50195 0.46973 0.057292 0.057292
1 0.43066 0.51367 0.057292 0.057292
1 0.3418 0.39941 0.057292 0.057292
1 0.32617 0.14941 0.057292 0.057292
1 0.30469 0.12207 0.057292 0.057292
1 0.27441 0.17188 0.057292 0.057292
1 0.38477 0.19727 0.057292 0.057292
1 0.70605 0.91797 0.057292 0.057292
1 0.51855 0.67969 0.057292 0.057292
1 0.48438 0.67676 0.057292 0.057292
1 0.4834 0.64355 0.057292 0.057292
1 0.48926 0.60645 0.057292 0.057292
1 0.38965 0.65918 0.057292 0.057292
1 0.36133 0.62402 0.057292 0.057292
1 0.3252 0.57617 0.057292 0.057292
1 0.34668 0.5459 0.057292 0.057292
1 0.25977 0.44141 0.057292 0.057292
1 0.28223 0.42676 0.057292 0.057292
