1 0.71094 0.56445 0.054688 0.054688
1 0.75 0.5791 0.054688 0.054688
1 0.80957 0.55664 0.054688 0.054688
1 0.84961 0.49512 0.054688 0.054688
1 0.81445 0.48535 0.054688 0.054688
1 0.75391 0.48242 0.054688 0.054688
1 0.70117 0.50098 0.054688 0.054688
1 0.57813 0.7002 0.054688 0.054688
1 0.50195 0.66992 0.054688 0.054688
1 0.5127 0.64258 0.054688 0.054688
1 0.5332 0.62402 0.054688 0.054688
1 0.57324 0.5166 0.054688 0.054688
1 0.60254 0.49316 0.054688 0.054688
1 0.60742 0.62402 0.054688 0.054688
1 0.63281 0.57617 0.054688 0.054688
1 0.6543 0.56445 0.054688 0.054688
1 0.63379 0.4707 0.054688 0.054688
1 0.70996 0.46777 0.054688 0.054688
1 0.75488 0.32813 0.054688 0.054688
1 0.72363 0.24219 0.054688 0.054688
1 0.79199 0.13965 0.054688 0.054688
1 0.75977 0.1123 0.054688 0.054688
1 0.80469 0.087891 0.054688 0.054688
1 0.71191 0.28027 0.054688 0.054688
1 0.64453 0.35938 0.054688 0.054688
1 0.61328 0.41309 0.054688 0.054688
1 0.7168 0.38867 0.054688 0.054688
1 0.75391 0.35742 0.054688 0.054688
1 0.76953 0.24707 0.054688 0.054688
1 0.22656 0.84277 0.054688 0.054688
1 0.31543 0.87695 0.054688 0.054688
1 0.36133 0.83691 0.054688 0.054688
1 0.26855 0.79004 0.054688 0.054688
1 0.30664 0.79004 0.054688 0.054688
1 0.25391 0.72656 0.054688 0.054688
1 0.3418 0.69043 0.054688 0.054688
1 0.38086 0.62695 0.054688 0.054688
1 0.40723 0.60352 0.054688 0.054688
1 0.37988 0.5625 0.054688 0.054688
1 0.3125 0.61621 0.054688 0.054688
1 0.31934 0.58203 0.054688 0.054688
1 0.30371 0.55859 0.054688 0.054688
1 0.27051 0.5332 0.054688 0.054688
1 0.3916 0.51758 0.054688 0.054688
1 0.35156 0.44531 0.054688 0.054688
1 0.31641 0.38672 0.054688 0.054688
1 0.35156 0.38867 0.054688 0.054688
1 0.27148 0.46094 0.054688 0.054688
1 0.24023 0.45117 0.054688 0.054688
1 0.23633 0.39648 0.054688 0.054688
1 0.20898 0.36523 0.054688 0.054688
1 0.24609 0.32227 0.054688 0.054688
1 0.29883 0.27832 0.054688 0.054688
1 0.22949 0.25879 0.054688 0.054688
1 0.18066 0.30859 0.054688 0.054688
1 0.14063 0.28711 0.054688 0.054688
