1 0.68652 0.91992 0.057292 0.057292
1 0.68652 0.87109 0.057292 0.057292
1 0.66895 0.83691 0.057292 0.057292
1 0.70313 0.83105 0.057292 0.057292
1 0.61523 0.84375 0.057292 0.057292
1 0.62695 0.79199 0.057292 0.057292
1 0.67871 0.75391 0.057292 0.057292
1 0.65723 0.72656 0.057292 0.057292
1 0.61328 0.74023 0.057292 0.057292
1 0.5957 0.7002 0.057292 0.057292
1 0.55273 0.7334 0.057292 0.057292
1 0.56738 0.6543 0.057292 0.057292
1 0.59277 0.62109 0.057292 0.057292
1 0.53027 0.58984 0.057292 0.057292
1 0.57227 0.56641 0.057292 0.057292
1 0.5 0.55078 0.057292 0.057292
1 0.54004 0.53516 0.057292 0.057292
1 0.53613 0.49121 0.057292 0.057292
1 0.5791 0.47656 0.057292 0.057292
1 0.52539 0.45703 0.057292 0.057292
1 0.53711 0.42188 0.057292 0.057292
1 0.43652 0.39453 0.057292 0.057292
1 0.50195 0.42285 0.057292 0.057292
1 0.5332 0.37207 0.057292 0.057292
1 0.54004 0.31836 0.057292 0.057292
1 0.53516 0.27441 0.057292 0.057292
1 0.53809 0.22754 0.057292 0.057292
1 0.47852 0.19727 0.057292 0.057292
1 0.39258 0.2002 0.057292 0.057292
1 0.42773 0.17285 0.057292 0.057292
1 0.41699 0.125 0.057292 0.057292
1 0.33105 0.11816 0.057292 0.057292
1 0.38477 0.070313 0.057292 0.057292
1 0.28223 0.03418 0.057292 0.057292
