1 0.14648 0.81055 0.063542 0.063542
1 0.25 0.67969 0.063542 0.063542
1 0.30469 0.65039 0.063542 0.063542
1 0.35938 0.64258 0.063542 0.063542
1 0.42578 0.75195 0.063542 0.063542
1 0.44336 0.69336 0.063542 0.063542
1 0.44922 0.64844 0.063542 0.063542
1 0.38672 0.59961 0.063542 0.063542
1 0.42383 0.57813 0.063542 0.063542
1 0.49219 0.66211 0.063542 0.063542
1 0.50586 0.64063 0.063542 0.063542
1 0.54102 0.57031 0.063542 0.063542
1 0.56055 0.49023 0.063542 0.063542
1 0.50195 0.43359 0.063542 0.063542
1 0.57422 0.3457 0.063542 0.063542
1 0.60352 0.35156 0.063542 0.063542
1 0.66602 0.32227 0.063542 0.063542
1 0.64648 0.41602 0.063542 0.063542
1 0.70117 0.40039 0.063542 0.063542
1 0.70508 0.35938 0.063542 0.063542
1 0.74219 0.41406 0.063542 0.063542
1 0.75 0.33203 0.063542 0.063542
1 0.78906 0.39648 0.063542 0.063542
1 0.81445 0.44922 0.063542 0.063542
1 0.83203 0.33789 0.063542 0.063542
1 0.86328 0.44922 0.063542 0.063542
1 0.88281 0.38281 0.063542 0.063542
1 0.92969 0.38867 0.063542 0.063542
1 0.93359 0.53125 0.063542 0.063542
1 0.71094 0.36328 0.063542 0.063542
