1 0.87305 0.8418 0.057292 0.057292
1 0.84082 0.82813 0.057292 0.057292
1 0.79492 0.84473 0.057292 0.057292
1 0.76367 0.78809 0.057292 0.057292
1 0.80469 0.75098 0.057292 0.057292
1 0.77637 0.68457 0.057292 0.057292
1 0.71973 0.72266 0.057292 0.057292
1 0.65723 0.66016 0.057292 0.057292
1 0.54102 0.52441 0.057292 0.057292
1 0.50195 0.48438 0.057292 0.057292
1 0.47461 0.44043 0.057292 0.057292
1 0.43262 0.42871 0.057292 0.057292
1 0.41504 0.3877 0.057292 0.057292
1 0.37988 0.30176 0.057292 0.057292
1 0.44629 0.34863 0.057292 0.057292
1 0.34375 0.31641 0.057292 0.057292
1 0.29395 0.3877 0.057292 0.057292
1 0.28125 0.31641 0.057292 0.057292
1 0.17285 0.25586 0.057292 0.057292
1 0.13379 0.23438 0.057292 0.057292
1 0.16211 0.2207 0.057292 0.057292
1 0.11816 0.18848 0.057292 0.057292
1 0.24707 0.24609 0.057292 0.057292
