1 0.30762 0.60547 0.057292 0.057292
1 0.97754 0.45801 0.057292 0.057292
1 0.93555 0.46094 0.057292 0.057292
1 0.94141 0.5752 0.057292 0.057292
1 0.83594 0.56543 0.057292 0.057292
1 0.74707 0.48535 0.057292 0.057292
1 0.71973 0.48535 0.057292 0.057292
1 0.73535 0.57813 0.057292 0.057292
1 0.6709 0.60156 0.057292 0.057292
1 0.63086 0.50781 0.057292 0.057292
1 0.55664 0.60645 0.057292 0.057292
1 0.53223 0.63281 0.057292 0.057292
1 0.47168 0.61914 0.057292 0.057292
1 0.46191 0.66992 0.057292 0.057292
1 0.40723 0.67383 0.057292 0.057292
1 0.41895 0.64551 0.057292 0.057292
1 0.37207 0.65625 0.057292 0.057292
1 0.37109 0.56836 0.057292 0.057292
1 0.25586 0.64941 0.057292 0.057292
1 0.2627 0.55469 0.057292 0.057292
1 0.16895 0.62012 0.057292 0.057292
1 0.13184 0.59082 0.057292 0.057292
1 0.055664 0.56934 0.057292 0.057292
