1 0.97656 0.53418 0.057292 0.057292
1 0.94531 0.45215 0.057292 0.057292
1 0.91016 0.43652 0.057292 0.057292
1 0.89844 0.53223 0.057292 0.057292
1 0.86426 0.52441 0.057292 0.057292
1 0.83789 0.51074 0.057292 0.057292
1 0.83301 0.4668 0.057292 0.057292
1 0.79492 0.50098 0.057292 0.057292
1 0.77441 0.4541 0.057292 0.057292
1 0.78906 0.41602 0.057292 0.057292
1 0.73438 0.50977 0.057292 0.057292
1 0.68066 0.44727 0.057292 0.057292
1 0.6416 0.46777 0.057292 0.057292
1 0.66016 0.53027 0.057292 0.057292
1 0.59766 0.47461 0.057292 0.057292
1 0.55762 0.48926 0.057292 0.057292
1 0.53125 0.54785 0.057292 0.057292
1 0.54395 0.59082 0.057292 0.057292
1 0.50586 0.60547 0.057292 0.057292
1 0.46191 0.62598 0.057292 0.057292
1 0.39063 0.64648 0.057292 0.057292
1 0.40723 0.58105 0.057292 0.057292
1 0.43652 0.58105 0.057292 0.057292
1 0.34082 0.61816 0.057292 0.057292
1 0.36035 0.57422 0.057292 0.057292
1 0.2168 0.58398 0.057292 0.057292
1 0.24707 0.52539 0.057292 0.057292
1 0.2002 0.51855 0.057292 0.057292
1 0.12305 0.58691 0.057292 0.057292
1 0.11621 0.48535 0.057292 0.057292
1 0.071289 0.4707 0.057292 0.057292
1 0.044922 0.47949 0.057292 0.057292
1 0.24805 0.56836 0.057292 0.057292
