1 0.92188 0.84961 0.0625 0.0625
1 0.96094 0.7998 0.0625 0.0625
1 0.91406 0.75391 0.0625 0.0625
1 0.88477 0.74219 0.0625 0.0625
1 0.87695 0.86035 0.0625 0.0625
1 0.84277 0.80566 0.0625 0.0625
1 0.77344 0.85352 0.0625 0.0625
1 0.82324 0.70117 0.0625 0.0625
1 0.81934 0.75293 0.0625 0.0625
1 0.80957 0.78516 0.0625 0.0625
1 0.75684 0.6582 0.0625 0.0625
1 0.73828 0.72461 0.0625 0.0625
1 0.72461 0.75586 0.0625 0.0625
1 0.69434 0.75781 0.0625 0.0625
1 0.65234 0.71191 0.0625 0.0625
1 0.61719 0.66602 0.0625 0.0625
1 0.6748 0.62793 0.0625 0.0625
1 0.63867 0.62305 0.0625 0.0625
1 0.57129 0.59375 0.0625 0.0625
1 0.56055 0.68652 0.0625 0.0625
1 0.52246 0.68555 0.0625 0.0625
1 0.47559 0.6543 0.0625 0.0625
1 0.49023 0.59473 0.0625 0.0625
1 0.53223 0.56836 0.0625 0.0625
1 0.42969 0.59766 0.0625 0.0625
1 0.42969 0.54688 0.0625 0.0625
1 0.37695 0.54492 0.0625 0.0625
1 0.38672 0.46484 0.0625 0.0625
1 0.30957 0.4873 0.0625 0.0625
1 0.3252 0.45898 0.0625 0.0625
1 0.27734 0.44043 0.0625 0.0625
1 0.30273 0.4082 0.0625 0.0625
1 0.25195 0.39746 0.0625 0.0625
1 0.24316 0.50391 0.0625 0.0625
1 0.18945 0.4668 0.0625 0.0625
1 0.17383 0.4375 0.0625 0.0625
1 0.20508 0.4209 0.0625 0.0625
1 0.14551 0.38477 0.0625 0.0625
1 0.19922 0.31738 0.0625 0.0625
1 0.076172 0.30957 0.0625 0.0625
