1 0.49023 0.012695 0.057292 0.057292
1 0.53711 0.11035 0.057292 0.057292
1 0.52051 0.18359 0.057292 0.057292
1 0.46289 0.2207 0.057292 0.057292
1 0.50781 0.35254 0.057292 0.057292
1 0.5791 0.31152 0.057292 0.057292
1 0.50391 0.41113 0.057292 0.057292
1 0.57715 0.43652 0.057292 0.057292
1 0.58496 0.48242 0.057292 0.057292
1 0.63086 0.52148 0.057292 0.057292
1 0.62891 0.5752 0.057292 0.057292
1 0.63379 0.61914 0.057292 0.057292
1 0.54492 0.55371 0.057292 0.057292
1 0.4668 0.51172 0.057292 0.057292
1 0.54102 0.5918 0.057292 0.057292
1 0.52539 0.61914 0.057292 0.057292
1 0.43555 0.60254 0.057292 0.057292
1 0.48535 0.33203 0.057292 0.057292
1 0.43457 0.73242 0.057292 0.057292
1 0.50195 0.7666 0.057292 0.057292
1 0.31934 0.75879 0.057292 0.057292
1 0.3125 0.83398 0.057292 0.057292
