1 0.21289 0.50977 0.063542 0.063542
1 0.2168 0.52734 0.063542 0.063542
1 0.1582 0.45313 0.063542 0.063542
1 0.24805 0.47656 0.063542 0.063542
1 0.22266 0.44141 0.063542 0.063542
1 0.25586 0.37695 0.063542 0.063542
1 0.42969 0.48047 0.063542 0.063542
1 0.43945 0.45117 0.063542 0.063542
1 0.46875 0.53125 0.063542 0.063542
1 0.52344 0.47461 0.063542 0.063542
1 0.5293 0.52148 0.063542 0.063542
1 0.63086 0.55664 0.063542 0.063542
1 0.63672 0.48047 0.063542 0.063542
1 0.66602 0.44141 0.063542 0.063542
1 0.74609 0.45898 0.063542 0.063542
1 0.77539 0.5625 0.063542 0.063542
1 0.78125 0.42578 0.063542 0.063542
1 0.80664 0.41406 0.063542 0.063542
1 0.93164 0.56055 0.063542 0.063542
1 0.44141 0.44141 0.063542 0.063542
