1 0.92578 0.80957 0.052651 0.052651
1 0.8623 0.78809 0.052651 0.052651
1 0.83008 0.77441 0.052651 0.052651
1 0.82324 0.81055 0.052651 0.052651
1 0.79492 0.75781 0.052651 0.052651
1 0.82617 0.69629 0.052651 0.052651
1 0.73926 0.72559 0.052651 0.052651
1 0.76758 0.62598 0.052651 0.052651
1 0.69238 0.69336 0.052651 0.052651
1 0.64648 0.65332 0.052651 0.052651
1 0.7002 0.59668 0.052651 0.052651
1 0.63477 0.59375 0.052651 0.052651
1 0.61133 0.53027 0.052651 0.052651
1 0.55859 0.58594 0.052651 0.052651
1 0.50977 0.54102 0.052651 0.052651
1 0.4082 0.49023 0.052651 0.052651
1 0.38672 0.52246 0.052651 0.052651
1 0.36914 0.56152 0.052651 0.052651
1 0.33301 0.5293 0.052651 0.052651
1 0.30078 0.57227 0.052651 0.052651
1 0.24023 0.57031 0.052651 0.052651
1 0.24121 0.49707 0.052651 0.052651
1 0.17969 0.48633 0.052651 0.052651
1 0.2041 0.5791 0.052651 0.052651
1 0.071289 0.60254 0.052651 0.052651
1 0.069336 0.72363 0.052651 0.052651
1 0.46289 0.43652 0.052651 0.052651
1 0.37012 0.45898 0.052651 0.052651
1 0.36914 0.3584 0.052651 0.052651
1 0.30273 0.35742 0.052651 0.052651
1 0.24023 0.4209 0.052651 0.052651
1 0.16602 0.3584 0.052651 0.052651
1 0.11035 0.28516 0.052651 0.052651
