1 0.70898 0.8877 0.052651 0.052651
1 0.67578 0.85059 0.052651 0.052651
1 0.7168 0.80566 0.052651 0.052651
1 0.69531 0.71973 0.052651 0.052651
1 0.67578 0.69922 0.052651 0.052651
1 0.59082 0.81348 0.052651 0.052651
1 0.62891 0.78516 0.052651 0.052651
1 0.57715 0.74609 0.052651 0.052651
1 0.53711 0.71875 0.052651 0.052651
1 0.49023 0.65625 0.052651 0.052651
1 0.56055 0.56543 0.052651 0.052651
1 0.45898 0.40234 0.052651 0.052651
1 0.45605 0.5625 0.052651 0.052651
1 0.39746 0.41016 0.052651 0.052651
1 0.34863 0.50293 0.052651 0.052651
1 0.32324 0.4541 0.052651 0.052651
1 0.33789 0.38379 0.052651 0.052651
1 0.31055 0.34082 0.052651 0.052651
1 0.27637 0.27441 0.052651 0.052651
1 0.25977 0.42871 0.052651 0.052651
