1 0.52832 0.95605 0.048281 0.048281
1 0.50586 0.90625 0.048281 0.048281
1 0.53027 0.88477 0.048281 0.048281
1 0.43066 0.875 0.048281 0.048281
1 0.46875 0.86035 0.048281 0.048281
1 0.4707 0.79785 0.048281 0.048281
1 0.54004 0.83496 0.048281 0.048281
1 0.60254 0.72656 0.048281 0.048281
1 0.47266 0.73047 0.048281 0.048281
1 0.47559 0.68652 0.048281 0.048281
1 0.56348 0.65234 0.048281 0.048281
1 0.5625 0.5752 0.048281 0.048281
1 0.49707 0.57422 0.048281 0.048281
1 0.55469 0.38867 0.048281 0.048281
1 0.5625 0.35254 0.048281 0.048281
1 0.57129 0.25098 0.048281 0.048281
1 0.52637 0.25391 0.048281 0.048281
1 0.53809 0.17285 0.048281 0.048281
1 0.4707 0.19922 0.048281 0.048281
1 0.45117 0.11133 0.048281 0.048281
1 0.48145 0.05957 0.048281 0.048281
1 0.52637 0.61035 0.048281 0.048281
1 0.53516 0.50195 0.048281 0.048281
