1 0.03418 0.1658 0.052651 0.070385
1 0.05957 0.13577 0.052651 0.070385
1 0.36426 0.56527 0.052651 0.070385
1 0.4502 0.47258 0.052651 0.070385
1 0.43848 0.5483 0.052651 0.070385
1 0.44531 0.63185 0.052651 0.070385
1 0.50098 0.64621 0.052651 0.070385
1 0.54199 0.55875 0.052651 0.070385
1 0.56348 0.7141 0.052651 0.070385
1 0.5791 0.75718 0.052651 0.070385
1 0.63477 0.81723 0.052651 0.070385
1 0.68164 0.84465 0.052651 0.070385
1 0.74609 0.75065 0.052651 0.070385
1 0.82715 0.77285 0.052651 0.070385
1 0.81641 0.83551 0.052651 0.070385
1 0.76855 0.93734 0.052651 0.070385
1 0.82227 0.96084 0.052651 0.070385
1 0.8457 0.94648 0.052651 0.070385
1 0.92773 0.94517 0.052651 0.070385
1 0.93457 0.84073 0.052651 0.070385
