1 0.69629 0.029297 0.052651 0.052651
1 0.68164 0.11426 0.052651 0.052651
1 0.63379 0.3584 0.052651 0.052651
1 0.6084 0.51953 0.052651 0.052651
1 0.68359 0.55176 0.052651 0.052651
1 0.70605 0.57617 0.052651 0.052651
1 0.65625 0.66797 0.052651 0.052651
1 0.625 0.7002 0.052651 0.052651
1 0.73535 0.66699 0.052651 0.052651
1 0.63477 0.74316 0.052651 0.052651
1 0.65723 0.74805 0.052651 0.052651
1 0.69141 0.82031 0.052651 0.052651
1 0.38086 0.064453 0.052651 0.052651
1 0.32617 0.15234 0.052651 0.052651
1 0.26758 0.1875 0.052651 0.052651
1 0.1123 0.3457 0.052651 0.052651
1 0.10742 0.36914 0.052651 0.052651
1 0.075195 0.44629 0.052651 0.052651
1 0.10547 0.47656 0.052651 0.052651
1 0.025391 0.47461 0.052651 0.052651
1 0.35059 0.27441 0.052651 0.052651
1 0.43359 0.2666 0.052651 0.052651
1 0.45117 0.33984 0.052651 0.052651
1 0.38184 0.37402 0.052651 0.052651
1 0.33691 0.51074 0.052651 0.052651
1 0.3584 0.55762 0.052651 0.052651
1 0.3877 0.58496 0.052651 0.052651
1 0.31152 0.60547 0.052651 0.052651
1 0.3252 0.64551 0.052651 0.052651
1 0.39258 0.66992 0.052651 0.052651
1 0.43066 0.71094 0.052651 0.052651
1 0.38477 0.70605 0.052651 0.052651
1 0.31836 0.7793 0.052651 0.052651
