1 0.14648 0.16016 0.052651 0.052651
1 0.31348 0.12988 0.052651 0.052651
1 0.39453 0.15039 0.052651 0.052651
1 0.36426 0.32227 0.052651 0.052651
1 0.41211 0.37402 0.052651 0.052651
1 0.49805 0.3877 0.052651 0.052651
1 0.52148 0.36719 0.052651 0.052651
1 0.53125 0.31445 0.052651 0.052651
1 0.57031 0.33301 0.052651 0.052651
1 0.62402 0.36035 0.052651 0.052651
1 0.74414 0.26855 0.052651 0.052651
1 0.65723 0.37207 0.052651 0.052651
1 0.68066 0.27246 0.052651 0.052651
1 0.09082 0.30957 0.052651 0.052651
1 0.17871 0.26074 0.052651 0.052651
1 0.24414 0.26465 0.052651 0.052651
1 0.19824 0.33105 0.052651 0.052651
1 0.22754 0.37207 0.052651 0.052651
1 0.2998 0.39941 0.052651 0.052651
1 0.23242 0.40332 0.052651 0.052651
1 0.36035 0.4209 0.052651 0.052651
1 0.26855 0.48926 0.052651 0.052651
1 0.33301 0.54395 0.052651 0.052651
1 0.36426 0.56934 0.052651 0.052651
1 0.4668 0.58984 0.052651 0.052651
1 0.42969 0.71387 0.052651 0.052651
1 0.55957 0.64355 0.052651 0.052651
1 0.52832 0.69238 0.052651 0.052651
1 0.48828 0.74219 0.052651 0.052651
1 0.625 0.77637 0.052651 0.052651
