1 0.90332 0.81152 0.052651 0.052651
1 0.85449 0.75684 0.052651 0.052651
1 0.82715 0.69531 0.052651 0.052651
1 0.78809 0.68164 0.052651 0.052651
1 0.70508 0.63965 0.052651 0.052651
1 0.66602 0.63281 0.052651 0.052651
1 0.68066 0.56055 0.052651 0.052651
1 0.61035 0.63281 0.052651 0.052651
1 0.56348 0.5957 0.052651 0.052651
1 0.57227 0.53711 0.052651 0.052651
1 0.56934 0.42188 0.052651 0.052651
1 0.55664 0.46289 0.052651 0.052651
1 0.50781 0.47266 0.052651 0.052651
1 0.40527 0.40723 0.052651 0.052651
1 0.27832 0.27832 0.052651 0.052651
1 0.31055 0.22852 0.052651 0.052651
1 0.25879 0.23438 0.052651 0.052651
1 0.14844 0.13867 0.052651 0.052651
1 0.20605 0.14551 0.052651 0.052651
