1 0.040043 0.50689 0.058349 0.074263
1 0.099567 0.63085 0.058349 0.074263
1 0.087662 0.51928 0.058349 0.074263
1 0.15476 0.48209 0.058349 0.074263
1 0.18182 0.42424 0.058349 0.074263
1 0.28788 0.60882 0.058349 0.074263
1 0.30628 0.64325 0.058349 0.074263
1 0.329 0.58402 0.058349 0.074263
1 0.31169 0.51515 0.058349 0.074263
1 0.37662 0.42562 0.058349 0.074263
1 0.40693 0.46006 0.058349 0.074263
1 0.57359 0.51515 0.058349 0.074263
1 0.62229 0.50413 0.058349 0.074263
1 0.63853 0.46006 0.058349 0.074263
1 0.61472 0.43251 0.058349 0.074263
1 0.66126 0.50138 0.058349 0.074263
1 0.67641 0.41598 0.058349 0.074263
1 0.69589 0.4876 0.058349 0.074263
1 0.73052 0.39945 0.058349 0.074263
1 0.76407 0.44904 0.058349 0.074263
1 0.83766 0.42287 0.058349 0.074263
1 0.92532 0.42562 0.058349 0.074263
1 0.93831 0.60606 0.058349 0.074263
