1 0.82227 0.96094 0.052651 0.052651
1 0.8418 0.90723 0.052651 0.052651
1 0.8125 0.87598 0.052651 0.052651
1 0.79004 0.83984 0.052651 0.052651
1 0.69629 0.89063 0.052651 0.052651
1 0.70508 0.84766 0.052651 0.052651
1 0.67383 0.82715 0.052651 0.052651
1 0.71582 0.82129 0.052651 0.052651
1 0.73047 0.79395 0.052651 0.052651
1 0.69727 0.77734 0.052651 0.052651
1 0.65039 0.75391 0.052651 0.052651
1 0.69922 0.67773 0.052651 0.052651
1 0.61621 0.72363 0.052651 0.052651
1 0.56543 0.72266 0.052651 0.052651
1 0.6709 0.64844 0.052651 0.052651
1 0.56641 0.67773 0.052651 0.052651
1 0.66504 0.61426 0.052651 0.052651
1 0.67969 0.58789 0.052651 0.052651
1 0.54395 0.64746 0.052651 0.052651
1 0.61328 0.5625 0.052651 0.052651
1 0.55664 0.59863 0.052651 0.052651
1 0.53711 0.50488 0.052651 0.052651
1 0.46875 0.55078 0.052651 0.052651
1 0.50586 0.49707 0.052651 0.052651
1 0.41504 0.5332 0.052651 0.052651
1 0.38672 0.49121 0.052651 0.052651
1 0.45801 0.45117 0.052651 0.052651
1 0.46191 0.37402 0.052651 0.052651
1 0.35156 0.43457 0.052651 0.052651
1 0.37012 0.40332 0.052651 0.052651
1 0.39844 0.37793 0.052651 0.052651
1 0.37793 0.35254 0.052651 0.052651
1 0.38672 0.31445 0.052651 0.052651
1 0.36523 0.28711 0.052651 0.052651
1 0.35156 0.23828 0.052651 0.052651
1 0.33008 0.25 0.052651 0.052651
1 0.35938 0.20703 0.052651 0.052651
1 0.25391 0.23926 0.052651 0.052651
1 0.3125 0.18359 0.052651 0.052651
1 0.2627 0.2002 0.052651 0.052651
1 0.21094 0.16699 0.052651 0.052651
1 0.23828 0.097656 0.052651 0.052651
1 0.21582 0.064453 0.052651 0.052651
1 0.18945 0.09082 0.052651 0.052651
1 0.15527 0.072266 0.052651 0.052651
1 0.14844 0.12598 0.052651 0.052651
1 0.070313 0.15723 0.052651 0.052651
1 0.087891 0.020508 0.052651 0.052651
