1 0.24707 0.70703 0.052651 0.052651
1 0.2793 0.7168 0.052651 0.052651
1 0.3291 0.70801 0.052651 0.052651
1 0.44141 0.78223 0.052651 0.052651
1 0.43848 0.66602 0.052651 0.052651
1 0.29492 0.58789 0.052651 0.052651
1 0.375 0.5957 0.052651 0.052651
1 0.41602 0.57324 0.052651 0.052651
1 0.45703 0.54199 0.052651 0.052651
1 0.53223 0.60645 0.052651 0.052651
1 0.51074 0.62988 0.052651 0.052651
1 0.58008 0.61719 0.052651 0.052651
1 0.5 0.52539 0.052651 0.052651
1 0.52441 0.48438 0.052651 0.052651
1 0.6582 0.54492 0.052651 0.052651
1 0.68164 0.46875 0.052651 0.052651
1 0.89648 0.43164 0.052651 0.052651
1 0.3291 0.93945 0.052651 0.052651
1 0.38574 0.94336 0.052651 0.052651
1 0.29004 0.83301 0.052651 0.052651
1 0.34375 0.88867 0.052651 0.052651
