1 0.96387 0.91113 0.052651 0.052651
1 0.92285 0.87012 0.052651 0.052651
1 0.89258 0.80566 0.052651 0.052651
1 0.83789 0.9043 0.052651 0.052651
1 0.80762 0.86719 0.052651 0.052651
1 0.83789 0.86523 0.052651 0.052651
1 0.79297 0.79883 0.052651 0.052651
1 0.88672 0.67383 0.052651 0.052651
1 0.83691 0.68164 0.052651 0.052651
1 0.79785 0.72266 0.052651 0.052651
1 0.74121 0.82227 0.052651 0.052651
1 0.78027 0.65039 0.052651 0.052651
1 0.74219 0.66602 0.052651 0.052651
1 0.60645 0.61816 0.052651 0.052651
1 0.51855 0.60352 0.052651 0.052651
1 0.52344 0.4707 0.052651 0.052651
1 0.48438 0.58398 0.052651 0.052651
1 0.44336 0.5127 0.052651 0.052651
1 0.45508 0.45996 0.052651 0.052651
1 0.44336 0.40039 0.052651 0.052651
1 0.17676 0.26367 0.052651 0.052651
1 0.15039 0.2334 0.052651 0.052651
1 0.11328 0.2207 0.052651 0.052651
