1 0.9541 0.42578 0.052651 0.052651
1 0.84668 0.45313 0.052651 0.052651
1 0.74805 0.53027 0.052651 0.052651
1 0.69043 0.49609 0.052651 0.052651
1 0.72852 0.4668 0.052651 0.052651
1 0.64453 0.41309 0.052651 0.052651
1 0.63965 0.50293 0.052651 0.052651
1 0.61035 0.48828 0.052651 0.052651
1 0.58203 0.50879 0.052651 0.052651
1 0.54883 0.41016 0.052651 0.052651
1 0.50879 0.41797 0.052651 0.052651
1 0.50391 0.4668 0.052651 0.052651
1 0.53613 0.49707 0.052651 0.052651
1 0.46875 0.52051 0.052651 0.052651
1 0.42578 0.47461 0.052651 0.052651
1 0.38379 0.44629 0.052651 0.052651
1 0.3916 0.50391 0.052651 0.052651
1 0.36035 0.51953 0.052651 0.052651
1 0.32715 0.55859 0.052651 0.052651
1 0.31836 0.48047 0.052651 0.052651
1 0.27637 0.52734 0.052651 0.052651
1 0.34375 0.59863 0.052651 0.052651
1 0.27441 0.61719 0.052651 0.052651
1 0.1875 0.63379 0.052651 0.052651
1 0.19336 0.58984 0.052651 0.052651
1 0.16113 0.58496 0.052651 0.052651
1 0.10352 0.58887 0.052651 0.052651
1 0.095703 0.4834 0.052651 0.052651
