1 0.68945 0.79004 0.057292 0.057292
1 0.59277 0.79297 0.057292 0.057292
1 0.56738 0.76953 0.057292 0.057292
1 0.59668 0.65723 0.057292 0.057292
1 0.58398 0.61426 0.057292 0.057292
1 0.56738 0.55957 0.057292 0.057292
1 0.54102 0.5 0.057292 0.057292
1 0.45898 0.52246 0.057292 0.057292
1 0.50684 0.72949 0.057292 0.057292
1 0.53906 0.68066 0.057292 0.057292
1 0.41699 0.3457 0.057292 0.057292
1 0.33594 0.43457 0.057292 0.057292
1 0.3252 0.37695 0.057292 0.057292
1 0.33203 0.33984 0.057292 0.057292
1 0.25586 0.36914 0.057292 0.057292
1 0.15332 0.18555 0.057292 0.057292
