1 0.023438 0.32422 0.052651 0.052651
1 0.042969 0.34766 0.052651 0.052651
1 0.046875 0.39746 0.052651 0.052651
1 0.074219 0.35449 0.052651 0.052651
1 0.10156 0.39355 0.052651 0.052651
1 0.15918 0.3457 0.052651 0.052651
1 0.24023 0.36621 0.052651 0.052651
1 0.2168 0.43945 0.052651 0.052651
1 0.24707 0.42871 0.052651 0.052651
1 0.24414 0.45215 0.052651 0.052651
1 0.31543 0.35254 0.052651 0.052651
1 0.38379 0.41992 0.052651 0.052651
1 0.41406 0.44727 0.052651 0.052651
1 0.51758 0.37402 0.052651 0.052651
1 0.50879 0.45117 0.052651 0.052651
1 0.50391 0.48242 0.052651 0.052651
1 0.55859 0.41406 0.052651 0.052651
1 0.62305 0.40332 0.052651 0.052651
1 0.60352 0.44336 0.052651 0.052651
1 0.5957 0.49023 0.052651 0.052651
1 0.74414 0.58691 0.052651 0.052651
1 0.84668 0.60547 0.052651 0.052651
1 0.88574 0.69141 0.052651 0.052651
1 0.94238 0.6123 0.052651 0.052651
1 0.10449 0.44238 0.052651 0.052651
1 0.045898 0.50293 0.052651 0.052651
1 0.03418 0.55371 0.052651 0.052651
1 0.089844 0.59668 0.052651 0.052651
1 0.2041 0.55469 0.052651 0.052651
