1 0.087891 0.39063 0.052651 0.052651
1 0.13086 0.37988 0.052651 0.052651
1 0.16309 0.37988 0.052651 0.052651
1 0.21094 0.36816 0.052651 0.052651
1 0.25098 0.40723 0.052651 0.052651
1 0.26465 0.33594 0.052651 0.052651
1 0.32422 0.29688 0.052651 0.052651
1 0.37793 0.32617 0.052651 0.052651
1 0.44336 0.34277 0.052651 0.052651
1 0.4668 0.3125 0.052651 0.052651
1 0.5 0.28516 0.052651 0.052651
1 0.43652 0.25 0.052651 0.052651
1 0.41406 0.33984 0.052651 0.052651
1 0.1875 0.42773 0.052651 0.052651
1 0.22266 0.4248 0.052651 0.052651
1 0.27051 0.45703 0.052651 0.052651
1 0.2666 0.57422 0.052651 0.052651
1 0.35254 0.50684 0.052651 0.052651
1 0.38086 0.51172 0.052651 0.052651
1 0.34766 0.54492 0.052651 0.052651
1 0.36621 0.57617 0.052651 0.052651
1 0.43848 0.51758 0.052651 0.052651
1 0.51367 0.5459 0.052651 0.052651
1 0.52832 0.52148 0.052651 0.052651
1 0.49805 0.47266 0.052651 0.052651
1 0.62109 0.45703 0.052651 0.052651
1 0.67383 0.47266 0.052651 0.052651
1 0.70996 0.46875 0.052651 0.052651
1 0.7666 0.47656 0.052651 0.052651
1 0.91602 0.41992 0.052651 0.052651
1 0.046875 0.57617 0.052651 0.052651
1 0.099609 0.58105 0.052651 0.052651
1 0.044922 0.60156 0.052651 0.052651
1 0.067383 0.64648 0.052651 0.052651
1 0.12207 0.62207 0.052651 0.052651
1 0.13965 0.64551 0.052651 0.052651
1 0.058594 0.67285 0.052651 0.052651
1 0.16113 0.7168 0.052651 0.052651
1 0.21582 0.82031 0.052651 0.052651
1 0.089844 0.78516 0.052651 0.052651
1 0.18457 0.77246 0.052651 0.052651
1 0.13184 0.80273 0.052651 0.052651
1 0.31348 0.96875 0.052651 0.052651
1 0.11719 0.75684 0.052651 0.052651
1 0.46973 0.15332 0.052651 0.052651
1 0.49707 0.18359 0.052651 0.052651
1 0.54688 0.19531 0.052651 0.052651
1 0.63574 0.22168 0.052651 0.052651
1 0.54492 0.058594 0.052651 0.052651
1 0.5918 0.078125 0.052651 0.052651
1 0.57129 0.11719 0.052651 0.052651
1 0.72168 0.11328 0.052651 0.052651
1 0.7373 0.13477 0.052651 0.052651
1 0.79395 0.098633 0.052651 0.052651
1 0.78027 0.16699 0.052651 0.052651
1 0.81055 0.20703 0.052651 0.052651
1 0.89941 0.1416 0.052651 0.052651
