1 0.36816 0.02832 0.052651 0.052651
1 0.44238 0.046875 0.052651 0.052651
1 0.4082 0.079102 0.052651 0.052651
1 0.46582 0.078125 0.052651 0.052651
1 0.5166 0.086914 0.052651 0.052651
1 0.45508 0.12988 0.052651 0.052651
1 0.54102 0.14648 0.052651 0.052651
1 0.45313 0.19336 0.052651 0.052651
1 0.51855 0.20605 0.052651 0.052651
1 0.40625 0.21289 0.052651 0.052651
1 0.4834 0.24023 0.052651 0.052651
1 0.47949 0.27734 0.052651 0.052651
1 0.55664 0.27246 0.052651 0.052651
1 0.5166 0.35254 0.052651 0.052651
1 0.4375 0.31641 0.052651 0.052651
1 0.40137 0.39648 0.052651 0.052651
1 0.49023 0.44238 0.052651 0.052651
1 0.50098 0.47656 0.052651 0.052651
1 0.46094 0.46484 0.052651 0.052651
1 0.41309 0.52734 0.052651 0.052651
1 0.52051 0.52637 0.052651 0.052651
1 0.51855 0.59863 0.052651 0.052651
1 0.49609 0.63672 0.052651 0.052651
1 0.44922 0.61719 0.052651 0.052651
1 0.44531 0.64941 0.052651 0.052651
1 0.4873 0.71387 0.052651 0.052651
1 0.41113 0.71582 0.052651 0.052651
1 0.40918 0.76172 0.052651 0.052651
1 0.46094 0.78516 0.052651 0.052651
1 0.42676 0.79395 0.052651 0.052651
1 0.41602 0.84473 0.052651 0.052651
1 0.44336 0.86035 0.052651 0.052651
1 0.52832 0.87109 0.052651 0.052651
1 0.47949 0.89844 0.052651 0.052651
1 0.41211 0.92285 0.052651 0.052651
