1 0.83887 0.041992 0.052651 0.052651
1 0.73535 0.042969 0.052651 0.052651
1 0.71484 0.078125 0.052651 0.052651
1 0.7793 0.125 0.052651 0.052651
1 0.74512 0.14258 0.052651 0.052651
1 0.75781 0.1875 0.052651 0.052651
1 0.71484 0.21875 0.052651 0.052651
1 0.66406 0.1416 0.052651 0.052651
1 0.63672 0.14063 0.052651 0.052651
1 0.65234 0.17676 0.052651 0.052651
1 0.66602 0.22363 0.052651 0.052651
1 0.6875 0.28906 0.052651 0.052651
1 0.74414 0.28027 0.052651 0.052651
1 0.62109 0.3252 0.052651 0.052651
1 0.61816 0.28516 0.052651 0.052651
1 0.54297 0.24219 0.052651 0.052651
1 0.55859 0.30859 0.052651 0.052651
1 0.47949 0.34961 0.052651 0.052651
1 0.43945 0.29785 0.052651 0.052651
1 0.42578 0.375 0.052651 0.052651
1 0.36426 0.35547 0.052651 0.052651
1 0.42969 0.44141 0.052651 0.052651
1 0.30664 0.63477 0.052651 0.052651
1 0.26758 0.58301 0.052651 0.052651
1 0.15137 0.77441 0.052651 0.052651
1 0.17969 0.60254 0.052651 0.052651
1 0.51074 0.36328 0.052651 0.052651
1 0.49707 0.37891 0.052651 0.052651
1 0.55273 0.41016 0.052651 0.052651
1 0.48828 0.41016 0.052651 0.052651
1 0.54883 0.45508 0.052651 0.052651
1 0.54004 0.49219 0.052651 0.052651
1 0.47852 0.43652 0.052651 0.052651
1 0.45117 0.42871 0.052651 0.052651
1 0.43848 0.4834 0.052651 0.052651
1 0.4375 0.50684 0.052651 0.052651
1 0.50488 0.5791 0.052651 0.052651
1 0.48926 0.61816 0.052651 0.052651
1 0.50391 0.64355 0.052651 0.052651
1 0.43164 0.68262 0.052651 0.052651
1 0.52832 0.67871 0.052651 0.052651
1 0.49414 0.76074 0.052651 0.052651
1 0.53125 0.81348 0.052651 0.052651
1 0.40918 0.8125 0.052651 0.052651
1 0.45605 0.81738 0.052651 0.052651
1 0.57324 0.86719 0.052651 0.052651
1 0.45801 0.87891 0.052651 0.052651
1 0.55664 0.91309 0.052651 0.052651
1 0.5498 0.94531 0.052651 0.052651
1 0.47559 0.97852 0.052651 0.052651
