1 0.65527 0.016602 0.052651 0.052651
1 0.74219 0.023438 0.052651 0.052651
1 0.71094 0.10254 0.052651 0.052651
1 0.60352 0.33105 0.052651 0.052651
1 0.69043 0.41016 0.052651 0.052651
1 0.64746 0.40234 0.052651 0.052651
1 0.63574 0.44043 0.052651 0.052651
1 0.64551 0.49023 0.052651 0.052651
1 0.59473 0.5166 0.052651 0.052651
1 0.53223 0.51953 0.052651 0.052651
1 0.48047 0.60449 0.052651 0.052651
1 0.41602 0.62988 0.052651 0.052651
1 0.375 0.61914 0.052651 0.052651
1 0.38281 0.67578 0.052651 0.052651
1 0.31836 0.67578 0.052651 0.052651
1 0.32422 0.72168 0.052651 0.052651
1 0.34961 0.7373 0.052651 0.052651
1 0.30273 0.76953 0.052651 0.052651
1 0.28711 0.79395 0.052651 0.052651
1 0.28711 0.73633 0.052651 0.052651
1 0.24609 0.76758 0.052651 0.052651
1 0.20313 0.85938 0.052651 0.052651
