1 0.071289 0.27246 0.052651 0.052651
1 0.2334 0.26758 0.052651 0.052651
1 0.2627 0.38672 0.052651 0.052651
1 0.2959 0.37793 0.052651 0.052651
1 0.32324 0.41895 0.052651 0.052651
1 0.3457 0.30957 0.052651 0.052651
1 0.38965 0.34375 0.052651 0.052651
1 0.42969 0.35059 0.052651 0.052651
1 0.41113 0.38672 0.052651 0.052651
1 0.40039 0.41992 0.052651 0.052651
1 0.48828 0.36035 0.052651 0.052651
1 0.48438 0.43555 0.052651 0.052651
1 0.5918 0.38281 0.052651 0.052651
1 0.58496 0.46094 0.052651 0.052651
1 0.65723 0.38867 0.052651 0.052651
1 0.69434 0.44531 0.052651 0.052651
1 0.75 0.3877 0.052651 0.052651
1 0.76563 0.45508 0.052651 0.052651
1 0.80957 0.40234 0.052651 0.052651
1 0.84961 0.46484 0.052651 0.052651
1 0.92871 0.40039 0.052651 0.052651
1 0.90332 0.375 0.052651 0.052651
1 0.09668 0.34961 0.052651 0.052651
1 0.14844 0.33887 0.052651 0.052651
1 0.11621 0.41699 0.052651 0.052651
1 0.09668 0.44824 0.052651 0.052651
1 0.21094 0.5127 0.052651 0.052651
1 0.17871 0.37891 0.052651 0.052651
1 0.16895 0.58594 0.052651 0.052651
