1 0.16602 0.96094 0.052651 0.052651
1 0.16797 0.76758 0.052651 0.052651
1 0.1377 0.67383 0.052651 0.052651
1 0.23926 0.67578 0.052651 0.052651
1 0.20605 0.66699 0.052651 0.052651
1 0.22559 0.63477 0.052651 0.052651
1 0.12207 0.59082 0.052651 0.052651
1 0.22559 0.58105 0.052651 0.052651
1 0.19043 0.53711 0.052651 0.052651
1 0.22168 0.52539 0.052651 0.052651
1 0.2334 0.49121 0.052651 0.052651
1 0.22949 0.4248 0.052651 0.052651
1 0.17773 0.34082 0.052651 0.052651
1 0.21289 0.31348 0.052651 0.052651
1 0.16211 0.20508 0.052651 0.052651
1 0.1875 0.2041 0.052651 0.052651
1 0.10254 0.15527 0.052651 0.052651
1 0.10449 0.086914 0.052651 0.052651
1 0.056641 0.072266 0.052651 0.052651
1 0.19238 0.69336 0.052651 0.052651
1 0.28223 0.88086 0.052651 0.052651
1 0.3418 0.95898 0.052651 0.052651
1 0.33398 0.86719 0.052651 0.052651
1 0.33984 0.81738 0.052651 0.052651
1 0.3623 0.74219 0.052651 0.052651
1 0.41113 0.72168 0.052651 0.052651
1 0.41602 0.63477 0.052651 0.052651
1 0.44238 0.62598 0.052651 0.052651
1 0.42383 0.5332 0.052651 0.052651
1 0.48242 0.59863 0.052651 0.052651
1 0.51172 0.58398 0.052651 0.052651
1 0.53027 0.52539 0.052651 0.052651
1 0.46094 0.50879 0.052651 0.052651
1 0.43066 0.39648 0.052651 0.052651
1 0.43848 0.33594 0.052651 0.052651
1 0.4707 0.40332 0.052651 0.052651
1 0.53809 0.41406 0.052651 0.052651
1 0.52246 0.37305 0.052651 0.052651
1 0.48633 0.32617 0.052651 0.052651
1 0.54492 0.30664 0.052651 0.052651
1 0.47754 0.26074 0.052651 0.052651
1 0.62207 0.21973 0.052651 0.052651
1 0.62305 0.16309 0.052651 0.052651
1 0.44043 0.87305 0.052651 0.052651
1 0.4541 0.83105 0.052651 0.052651
1 0.49414 0.83203 0.052651 0.052651
1 0.50488 0.80078 0.052651 0.052651
1 0.53613 0.7666 0.052651 0.052651
1 0.58301 0.76953 0.052651 0.052651
1 0.59668 0.72559 0.052651 0.052651
1 0.50586 0.7334 0.052651 0.052651
1 0.46973 0.69531 0.052651 0.052651
1 0.5332 0.64746 0.052651 0.052651
1 0.57715 0.63965 0.052651 0.052651
1 0.64453 0.61816 0.052651 0.052651
1 0.69141 0.68555 0.052651 0.052651
1 0.72852 0.62305 0.052651 0.052651
1 0.75977 0.66016 0.052651 0.052651
1 0.79883 0.66992 0.052651 0.052651
1 0.89648 0.55859 0.052651 0.052651
1 0.89746 0.61133 0.052651 0.052651
1 0.96777 0.60254 0.052651 0.052651
