1 0.16211 0.088867 0.052651 0.052651
1 0.13672 0.12695 0.052651 0.052651
1 0.22168 0.125 0.052651 0.052651
1 0.1582 0.18652 0.052651 0.052651
1 0.15918 0.21582 0.052651 0.052651
1 0.30176 0.37109 0.052651 0.052651
1 0.33691 0.38379 0.052651 0.052651
1 0.375 0.41992 0.052651 0.052651
1 0.41895 0.34863 0.052651 0.052651
1 0.40918 0.38867 0.052651 0.052651
1 0.44824 0.38379 0.052651 0.052651
1 0.47949 0.3916 0.052651 0.052651
1 0.50879 0.4209 0.052651 0.052651
1 0.45313 0.51465 0.052651 0.052651
1 0.47168 0.52051 0.052651 0.052651
1 0.51953 0.53906 0.052651 0.052651
1 0.48047 0.60156 0.052651 0.052651
1 0.54883 0.60547 0.052651 0.052651
1 0.55664 0.52832 0.052651 0.052651
1 0.58594 0.54199 0.052651 0.052651
1 0.65039 0.56055 0.052651 0.052651
1 0.71973 0.59082 0.052651 0.052651
1 0.72461 0.7207 0.052651 0.052651
1 0.75879 0.69629 0.052651 0.052651
1 0.80469 0.69238 0.052651 0.052651
1 0.82422 0.7207 0.052651 0.052651
1 0.84863 0.77539 0.052651 0.052651
1 0.79102 0.75391 0.052651 0.052651
1 0.91113 0.77441 0.052651 0.052651
1 0.82813 0.83887 0.052651 0.052651
1 0.88477 0.9375 0.052651 0.052651
1 0.92676 0.94922 0.052651 0.052651
