1 0.87988 0.25781 0.052651 0.052651
1 0.85645 0.37402 0.052651 0.052651
1 0.83984 0.29883 0.052651 0.052651
1 0.84766 0.22363 0.052651 0.052651
1 0.76758 0.31934 0.052651 0.052651
1 0.77441 0.29102 0.052651 0.052651
1 0.65039 0.2627 0.052651 0.052651
1 0.68945 0.24316 0.052651 0.052651
1 0.6875 0.18945 0.052651 0.052651
1 0.67383 0.092773 0.052651 0.052651
1 0.56445 0.14648 0.052651 0.052651
1 0.6084 0.042969 0.052651 0.052651
1 0.56055 0.066406 0.052651 0.052651
1 0.49023 0.058594 0.052651 0.052651
1 0.44824 0.083984 0.052651 0.052651
1 0.47266 0.10938 0.052651 0.052651
1 0.49609 0.12305 0.052651 0.052651
1 0.92773 0.40723 0.052651 0.052651
1 0.89941 0.43066 0.052651 0.052651
1 0.74707 0.43359 0.052651 0.052651
1 0.78711 0.4375 0.052651 0.052651
1 0.79004 0.48242 0.052651 0.052651
1 0.75977 0.51563 0.052651 0.052651
1 0.71777 0.55859 0.052651 0.052651
1 0.68066 0.5625 0.052651 0.052651
1 0.66309 0.64063 0.052651 0.052651
1 0.66113 0.66602 0.052651 0.052651
1 0.77637 0.68359 0.052651 0.052651
1 0.75 0.71191 0.052651 0.052651
1 0.73535 0.74805 0.052651 0.052651
1 0.66211 0.89844 0.052651 0.052651
1 0.58203 0.95703 0.052651 0.052651
1 0.61914 0.72168 0.052651 0.052651
1 0.58398 0.77734 0.052651 0.052651
1 0.50195 0.82422 0.052651 0.052651
1 0.42383 0.93848 0.052651 0.052651
1 0.38867 0.93359 0.052651 0.052651
1 0.37305 0.97266 0.052651 0.052651
1 0.41992 0.81641 0.052651 0.052651
1 0.35938 0.82031 0.052651 0.052651
1 0.34277 0.85449 0.052651 0.052651
1 0.33008 0.90625 0.052651 0.052651
1 0.26855 0.84082 0.052651 0.052651
1 0.24512 0.83984 0.052651 0.052651
1 0.1543 0.9209 0.052651 0.052651
1 0.125 0.85547 0.052651 0.052651
1 0.09668 0.87305 0.052651 0.052651
1 0.044922 0.80469 0.052651 0.052651
1 0.044922 0.88281 0.052651 0.052651
1 0.014648 0.87793 0.052651 0.052651
