1 0.93262 0.048828 0.052651 0.052651
1 0.88477 0.12402 0.052651 0.052651
1 0.89746 0.18945 0.052651 0.052651
1 0.84863 0.24414 0.052651 0.052651
1 0.75684 0.2832 0.052651 0.052651
1 0.70801 0.26465 0.052651 0.052651
1 0.71094 0.30078 0.052651 0.052651
1 0.61523 0.29883 0.052651 0.052651
1 0.66504 0.3291 0.052651 0.052651
1 0.63965 0.34766 0.052651 0.052651
1 0.60059 0.32324 0.052651 0.052651
1 0.58008 0.40137 0.052651 0.052651
1 0.49805 0.41699 0.052651 0.052651
1 0.52539 0.46191 0.052651 0.052651
1 0.44434 0.4375 0.052651 0.052651
1 0.40723 0.45313 0.052651 0.052651
1 0.36035 0.45703 0.052651 0.052651
1 0.46289 0.47461 0.052651 0.052651
1 0.41797 0.54199 0.052651 0.052651
1 0.33789 0.50977 0.052651 0.052651
1 0.33203 0.58105 0.052651 0.052651
1 0.27539 0.55273 0.052651 0.052651
1 0.25488 0.59961 0.052651 0.052651
1 0.22852 0.64355 0.052651 0.052651
1 0.20313 0.66992 0.052651 0.052651
1 0.14648 0.63672 0.052651 0.052651
1 0.16406 0.71973 0.052651 0.052651
1 0.11816 0.72168 0.052651 0.052651
1 0.11914 0.76172 0.052651 0.052651
1 0.13379 0.82031 0.052651 0.052651
1 0.097656 0.89551 0.052651 0.052651
1 0.12305 0.93066 0.052651 0.052651
1 0.74805 0.31934 0.052651 0.052651
1 0.73926 0.3418 0.052651 0.052651
1 0.87988 0.44531 0.052651 0.052651
1 0.84375 0.42773 0.052651 0.052651
1 0.76172 0.37598 0.052651 0.052651
1 0.75684 0.47656 0.052651 0.052651
1 0.75879 0.53027 0.052651 0.052651
