1 0.88867 0.40625 0.052651 0.052651
1 0.89648 0.48633 0.052651 0.052651
1 0.84961 0.51172 0.052651 0.052651
1 0.77441 0.50488 0.052651 0.052651
1 0.71484 0.53125 0.052651 0.052651
1 0.69336 0.46582 0.052651 0.052651
1 0.62695 0.47852 0.052651 0.052651
1 0.59961 0.49316 0.052651 0.052651
1 0.60059 0.56543 0.052651 0.052651
1 0.51953 0.55078 0.052651 0.052651
1 0.45801 0.60254 0.052651 0.052651
1 0.4248 0.62598 0.052651 0.052651
1 0.37598 0.57422 0.052651 0.052651
1 0.33887 0.58691 0.052651 0.052651
1 0.31641 0.66113 0.052651 0.052651
1 0.28711 0.67188 0.052651 0.052651
1 0.25195 0.61133 0.052651 0.052651
1 0.21875 0.57715 0.052651 0.052651
1 0.22852 0.66504 0.052651 0.052651
1 0.18262 0.63477 0.052651 0.052651
1 0.14941 0.62598 0.052651 0.052651
1 0.15039 0.72168 0.052651 0.052651
1 0.11719 0.61816 0.052651 0.052651
1 0.098633 0.72266 0.052651 0.052651
1 0.079102 0.74316 0.052651 0.052651
1 0.02832 0.73535 0.052651 0.052651
1 0.053711 0.6543 0.052651 0.052651
