1 0.069336 0.66797 0.052651 0.052651
1 0.058594 0.52637 0.052651 0.052651
1 0.15332 0.65625 0.052651 0.052651
1 0.077148 0.60254 0.052651 0.052651
1 0.15625 0.59277 0.052651 0.052651
1 0.12891 0.55859 0.052651 0.052651
1 0.18945 0.60547 0.052651 0.052651
1 0.22266 0.51563 0.052651 0.052651
1 0.24219 0.57813 0.052651 0.052651
1 0.26563 0.57031 0.052651 0.052651
1 0.31836 0.59668 0.052651 0.052651
1 0.3252 0.51465 0.052651 0.052651
1 0.36816 0.53906 0.052651 0.052651
1 0.34473 0.4707 0.052651 0.052651
1 0.35059 0.41602 0.052651 0.052651
1 0.43066 0.39844 0.052651 0.052651
1 0.44141 0.47852 0.052651 0.052651
1 0.47461 0.42969 0.052651 0.052651
1 0.4834 0.36426 0.052651 0.052651
1 0.54004 0.38379 0.052651 0.052651
1 0.57715 0.33594 0.052651 0.052651
1 0.56055 0.4082 0.052651 0.052651
1 0.55273 0.48828 0.052651 0.052651
1 0.56543 0.45801 0.052651 0.052651
1 0.58887 0.42773 0.052651 0.052651
1 0.64355 0.44629 0.052651 0.052651
1 0.65918 0.38477 0.052651 0.052651
1 0.67969 0.45508 0.052651 0.052651
1 0.73633 0.42578 0.052651 0.052651
1 0.83301 0.36426 0.052651 0.052651
1 0.90527 0.46484 0.052651 0.052651
1 0.92969 0.36035 0.052651 0.052651
1 0.12305 0.75879 0.052651 0.052651
1 0.03418 0.80566 0.052651 0.052651
1 0.078125 0.81543 0.052651 0.052651
1 0.092773 0.85742 0.052651 0.052651
1 0.20215 0.82617 0.052651 0.052651
