1 0.032227 0.88184 0.052651 0.052651
1 0.083984 0.88672 0.052651 0.052651
1 0.052734 0.77832 0.052651 0.052651
1 0.1123 0.86816 0.052651 0.052651
1 0.14551 0.85156 0.052651 0.052651
1 0.17969 0.84863 0.052651 0.052651
1 0.16602 0.79395 0.052651 0.052651
1 0.17383 0.74414 0.052651 0.052651
1 0.24609 0.75293 0.052651 0.052651
1 0.33984 0.8252 0.052651 0.052651
1 0.37402 0.80273 0.052651 0.052651
1 0.46387 0.80469 0.052651 0.052651
1 0.53027 0.78223 0.052651 0.052651
1 0.4541 0.68359 0.052651 0.052651
1 0.61523 0.6543 0.052651 0.052651
1 0.51953 0.64453 0.052651 0.052651
1 0.63965 0.72656 0.052651 0.052651
1 0.67773 0.70215 0.052651 0.052651
1 0.6377 0.59668 0.052651 0.052651
1 0.65527 0.53906 0.052651 0.052651
1 0.74414 0.50781 0.052651 0.052651
1 0.77051 0.4873 0.052651 0.052651
1 0.78125 0.45605 0.052651 0.052651
1 0.8623 0.39844 0.052651 0.052651
1 0.81641 0.33301 0.052651 0.052651
1 0.87402 0.35254 0.052651 0.052651
1 0.89355 0.30078 0.052651 0.052651
