1 0.59277 0.95996 0.052651 0.052651
1 0.67188 0.95996 0.052651 0.052651
1 0.68945 0.92578 0.052651 0.052651
1 0.6875 0.88672 0.052651 0.052651
1 0.6416 0.92383 0.052651 0.052651
1 0.55566 0.87988 0.052651 0.052651
1 0.53906 0.80469 0.052651 0.052651
1 0.48633 0.68652 0.052651 0.052651
1 0.42676 0.56055 0.052651 0.052651
1 0.47559 0.51367 0.052651 0.052651
1 0.49023 0.42383 0.052651 0.052651
1 0.43652 0.3291 0.052651 0.052651
1 0.36719 0.35254 0.052651 0.052651
1 0.30957 0.20996 0.052651 0.052651
1 0.29199 0.094727 0.052651 0.052651
1 0.3457 0.016602 0.052651 0.052651
1 0.93555 0.77441 0.052651 0.052651
1 0.84375 0.80176 0.052651 0.052651
