1 0.90918 0.87598 0.052651 0.052651
1 0.86035 0.82129 0.052651 0.052651
1 0.83301 0.75977 0.052651 0.052651
1 0.79395 0.74609 0.052651 0.052651
1 0.71094 0.7041 0.052651 0.052651
1 0.67188 0.69727 0.052651 0.052651
1 0.68652 0.625 0.052651 0.052651
1 0.61621 0.69727 0.052651 0.052651
1 0.56934 0.66016 0.052651 0.052651
1 0.57813 0.60156 0.052651 0.052651
1 0.5752 0.48633 0.052651 0.052651
1 0.5625 0.52734 0.052651 0.052651
1 0.51367 0.53711 0.052651 0.052651
1 0.41113 0.47168 0.052651 0.052651
1 0.28418 0.34277 0.052651 0.052651
1 0.31641 0.29297 0.052651 0.052651
1 0.26465 0.29883 0.052651 0.052651
1 0.1543 0.20313 0.052651 0.052651
1 0.21191 0.20996 0.052651 0.052651
