1 0.095703 0.017578 0.052651 0.052651
1 0.11914 0.043945 0.052651 0.052651
1 0.18848 0.069336 0.052651 0.052651
1 0.21777 0.083008 0.052651 0.052651
1 0.16699 0.11133 0.052651 0.052651
1 0.14453 0.13477 0.052651 0.052651
1 0.26074 0.12012 0.052651 0.052651
1 0.25293 0.16016 0.052651 0.052651
1 0.28906 0.17285 0.052651 0.052651
1 0.32031 0.20508 0.052651 0.052651
1 0.31152 0.14551 0.052651 0.052651
1 0.22754 0.17773 0.052651 0.052651
1 0.34766 0.24023 0.052651 0.052651
1 0.37891 0.23438 0.052651 0.052651
1 0.41699 0.17188 0.052651 0.052651
1 0.41113 0.28125 0.052651 0.052651
1 0.41504 0.31348 0.052651 0.052651
1 0.46191 0.33984 0.052651 0.052651
1 0.49121 0.29004 0.052651 0.052651
1 0.5 0.33984 0.052651 0.052651
1 0.55957 0.44434 0.052651 0.052651
1 0.5293 0.48828 0.052651 0.052651
1 0.66504 0.45313 0.052651 0.052651
1 0.68848 0.46094 0.052651 0.052651
1 0.66602 0.56152 0.052651 0.052651
1 0.67871 0.65234 0.052651 0.052651
1 0.70801 0.66602 0.052651 0.052651
1 0.74316 0.68359 0.052651 0.052651
1 0.78906 0.59375 0.052651 0.052651
1 0.81152 0.60156 0.052651 0.052651
1 0.83789 0.625 0.052651 0.052651
1 0.81445 0.71289 0.052651 0.052651
1 0.89453 0.73438 0.052651 0.052651
1 0.81934 0.81152 0.052651 0.052651
1 0.85742 0.8125 0.052651 0.052651
1 0.82422 0.89063 0.052651 0.052651
1 0.85254 0.94922 0.052651 0.052651
1 0.89941 0.95703 0.052651 0.052651
1 0.89453 0.86816 0.052651 0.052651
1 0.96094 0.87207 0.052651 0.052651
1 0.8916 0.9873 0.052651 0.052651
1 0.1582 0.16797 0.052651 0.052651
1 0.14648 0.21289 0.052651 0.052651
1 0.24805 0.22656 0.052651 0.052651
1 0.2207 0.29004 0.052651 0.052651
1 0.29102 0.28906 0.052651 0.052651
1 0.30078 0.33984 0.052651 0.052651
1 0.24902 0.40137 0.052651 0.052651
1 0.2627 0.5166 0.052651 0.052651
1 0.29883 0.53809 0.052651 0.052651
1 0.28809 0.55762 0.052651 0.052651
1 0.31445 0.55957 0.052651 0.052651
1 0.24414 0.61328 0.052651 0.052651
1 0.3877 0.74609 0.052651 0.052651
1 0.41016 0.80078 0.052651 0.052651
1 0.37012 0.875 0.052651 0.052651
1 0.18555 0.88184 0.052651 0.052651
1 0.24902 0.87305 0.052651 0.052651
1 0.28418 0.86328 0.052651 0.052651
1 0.32422 0.85254 0.052651 0.052651
1 0.26367 0.7959 0.052651 0.052651
1 0.47852 0.90234 0.052651 0.052651
1 0.48438 0.94922 0.052651 0.052651
1 0.37598 0.96484 0.052651 0.052651
1 0.34668 0.73828 0.052651 0.052651
