1 0.066952 0.11364 0.076802 0.061267
1 0.14815 0.11364 0.076802 0.061267
1 0.21652 0.23182 0.076802 0.061267
1 0.41595 0.34545 0.076802 0.061267
1 0.42877 0.44091 0.076802 0.061267
1 0.45442 0.52841 0.076802 0.061267
1 0.38746 0.58636 0.076802 0.061267
1 0.39031 0.69545 0.076802 0.061267
1 0.45584 0.62273 0.076802 0.061267
1 0.45869 0.69659 0.076802 0.061267
1 0.53704 0.67841 0.076802 0.061267
1 0.58405 0.68182 0.076802 0.061267
1 0.52707 0.72727 0.076802 0.061267
1 0.59259 0.82727 0.076802 0.061267
1 0.74074 0.86818 0.076802 0.061267
1 0.87464 0.80909 0.076802 0.061267
1 0.94444 0.86477 0.076802 0.061267
1 0.92735 0.9125 0.076802 0.061267
1 0.35613 0.17386 0.076802 0.061267
1 0.50142 0.26023 0.076802 0.061267
1 0.56125 0.26818 0.076802 0.061267
