1 0.58008 0.81738 0.052651 0.052651
1 0.54492 0.79297 0.052651 0.052651
1 0.66211 0.74902 0.052651 0.052651
1 0.56055 0.71094 0.052651 0.052651
1 0.56543 0.66992 0.052651 0.052651
1 0.50098 0.71387 0.052651 0.052651
1 0.49316 0.56348 0.052651 0.052651
1 0.4668 0.55078 0.052651 0.052651
1 0.45117 0.51953 0.052651 0.052651
1 0.4209 0.60547 0.052651 0.052651
1 0.4082 0.56543 0.052651 0.052651
1 0.37793 0.55469 0.052651 0.052651
1 0.41211 0.52539 0.052651 0.052651
1 0.39551 0.48633 0.052651 0.052651
1 0.35547 0.49805 0.052651 0.052651
1 0.43164 0.43555 0.052651 0.052651
1 0.31738 0.47363 0.052651 0.052651
1 0.35156 0.39063 0.052651 0.052651
1 0.38965 0.37793 0.052651 0.052651
1 0.27637 0.38965 0.052651 0.052651
1 0.38281 0.33203 0.052651 0.052651
1 0.31836 0.29883 0.052651 0.052651
1 0.19629 0.30469 0.052651 0.052651
1 0.23047 0.26172 0.052651 0.052651
1 0.26367 0.27246 0.052651 0.052651
1 0.34375 0.25977 0.052651 0.052651
1 0.29883 0.20117 0.052651 0.052651
1 0.23633 0.22559 0.052651 0.052651
1 0.23047 0.15332 0.052651 0.052651
1 0.15918 0.16113 0.052651 0.052651
1 0.25586 0.11426 0.052651 0.052651
1 0.17188 0.11719 0.052651 0.052651
1 0.19727 0.045898 0.052651 0.052651
