1 0.19141 0.95898 0.052651 0.052651
1 0.1582 0.71289 0.052651 0.052651
1 0.12793 0.61914 0.052651 0.052651
1 0.22949 0.62109 0.052651 0.052651
1 0.19629 0.6123 0.052651 0.052651
1 0.21582 0.58008 0.052651 0.052651
1 0.11621 0.53613 0.052651 0.052651
1 0.21973 0.52832 0.052651 0.052651
1 0.18066 0.48242 0.052651 0.052651
1 0.21191 0.4707 0.052651 0.052651
1 0.22363 0.43652 0.052651 0.052651
1 0.21973 0.37012 0.052651 0.052651
1 0.16797 0.28613 0.052651 0.052651
1 0.20313 0.25879 0.052651 0.052651
1 0.15234 0.15039 0.052651 0.052651
1 0.17773 0.14941 0.052651 0.052651
1 0.092773 0.10059 0.052651 0.052651
1 0.094727 0.032227 0.052651 0.052651
1 0.046875 0.017578 0.052651 0.052651
1 0.18262 0.63867 0.052651 0.052651
1 0.27246 0.82617 0.052651 0.052651
1 0.33203 0.9043 0.052651 0.052651
1 0.32422 0.8125 0.052651 0.052651
1 0.33008 0.7627 0.052651 0.052651
1 0.35254 0.6875 0.052651 0.052651
1 0.40137 0.66699 0.052651 0.052651
1 0.40625 0.58008 0.052651 0.052651
1 0.43262 0.57129 0.052651 0.052651
1 0.41406 0.47852 0.052651 0.052651
1 0.47266 0.54395 0.052651 0.052651
1 0.50195 0.5293 0.052651 0.052651
1 0.52051 0.4707 0.052651 0.052651
1 0.45117 0.4541 0.052651 0.052651
1 0.4209 0.3418 0.052651 0.052651
1 0.42871 0.28125 0.052651 0.052651
1 0.46094 0.34863 0.052651 0.052651
1 0.52832 0.35938 0.052651 0.052651
1 0.5127 0.31836 0.052651 0.052651
1 0.47656 0.27148 0.052651 0.052651
1 0.53516 0.25195 0.052651 0.052651
1 0.46777 0.20605 0.052651 0.052651
1 0.6123 0.16504 0.052651 0.052651
1 0.61328 0.1084 0.052651 0.052651
1 0.43066 0.81836 0.052651 0.052651
1 0.44434 0.77637 0.052651 0.052651
1 0.48438 0.77734 0.052651 0.052651
1 0.49512 0.74609 0.052651 0.052651
1 0.52637 0.71191 0.052651 0.052651
1 0.57324 0.71484 0.052651 0.052651
1 0.58691 0.6709 0.052651 0.052651
1 0.49609 0.67871 0.052651 0.052651
1 0.45996 0.64063 0.052651 0.052651
1 0.52344 0.59277 0.052651 0.052651
1 0.56738 0.58496 0.052651 0.052651
1 0.63477 0.56348 0.052651 0.052651
1 0.68164 0.63086 0.052651 0.052651
1 0.71875 0.56836 0.052651 0.052651
1 0.75 0.60547 0.052651 0.052651
1 0.78906 0.61523 0.052651 0.052651
1 0.88672 0.50391 0.052651 0.052651
1 0.8877 0.55664 0.052651 0.052651
1 0.95801 0.54785 0.052651 0.052651
