1 0.56445 0.8252 0.052651 0.052651
1 0.5293 0.80078 0.052651 0.052651
1 0.64648 0.75684 0.052651 0.052651
1 0.54492 0.71875 0.052651 0.052651
1 0.5498 0.67773 0.052651 0.052651
1 0.48535 0.72168 0.052651 0.052651
1 0.47754 0.57129 0.052651 0.052651
1 0.45117 0.55859 0.052651 0.052651
1 0.43555 0.52734 0.052651 0.052651
1 0.40527 0.61328 0.052651 0.052651
1 0.39258 0.57324 0.052651 0.052651
1 0.3623 0.5625 0.052651 0.052651
1 0.39648 0.5332 0.052651 0.052651
1 0.37988 0.49414 0.052651 0.052651
1 0.33984 0.50586 0.052651 0.052651
1 0.41602 0.44336 0.052651 0.052651
1 0.30176 0.48145 0.052651 0.052651
1 0.33594 0.39844 0.052651 0.052651
1 0.37402 0.38574 0.052651 0.052651
1 0.26074 0.39746 0.052651 0.052651
1 0.36719 0.33984 0.052651 0.052651
1 0.30273 0.30664 0.052651 0.052651
1 0.18066 0.3125 0.052651 0.052651
1 0.21484 0.26953 0.052651 0.052651
1 0.24805 0.28027 0.052651 0.052651
1 0.32813 0.26758 0.052651 0.052651
1 0.2832 0.20898 0.052651 0.052651
1 0.2207 0.2334 0.052651 0.052651
1 0.21484 0.16113 0.052651 0.052651
1 0.14355 0.16895 0.052651 0.052651
1 0.24023 0.12207 0.052651 0.052651
1 0.15625 0.125 0.052651 0.052651
1 0.18164 0.053711 0.052651 0.052651
