1 0.03418 0.5293 0.052651 0.052651
1 0.087891 0.61719 0.052651 0.052651
1 0.077148 0.53809 0.052651 0.052651
1 0.1377 0.51172 0.052651 0.052651
1 0.16211 0.4707 0.052651 0.052651
1 0.25781 0.60156 0.052651 0.052651
1 0.27441 0.62598 0.052651 0.052651
1 0.29492 0.58398 0.052651 0.052651
1 0.2793 0.53516 0.052651 0.052651
1 0.33789 0.47168 0.052651 0.052651
1 0.36523 0.49609 0.052651 0.052651
1 0.51563 0.53516 0.052651 0.052651
1 0.55957 0.52734 0.052651 0.052651
1 0.57422 0.49609 0.052651 0.052651
1 0.55273 0.47656 0.052651 0.052651
1 0.59473 0.52539 0.052651 0.052651
1 0.6084 0.46484 0.052651 0.052651
1 0.62598 0.51563 0.052651 0.052651
1 0.65723 0.45313 0.052651 0.052651
1 0.6875 0.48828 0.052651 0.052651
1 0.75391 0.46973 0.052651 0.052651
1 0.83301 0.47168 0.052651 0.052651
1 0.84473 0.59961 0.052651 0.052651
1 0.88672 0.46777 0.052651 0.052651
1 0.9375 0.61426 0.052651 0.052651
1 0.94434 0.53418 0.052651 0.052651
