1 0.63965 0.6582 0.052651 0.052651
1 0.625 0.62988 0.052651 0.052651
1 0.45703 0.40625 0.052651 0.052651
1 0.47461 0.44629 0.052651 0.052651
1 0.43457 0.46777 0.052651 0.052651
1 0.40332 0.50586 0.052651 0.052651
1 0.37598 0.47168 0.052651 0.052651
1 0.37402 0.38477 0.052651 0.052651
1 0.34277 0.36328 0.052651 0.052651
1 0.31152 0.34668 0.052651 0.052651
1 0.25391 0.41406 0.052651 0.052651
1 0.24414 0.38281 0.052651 0.052651
1 0.2002 0.36914 0.052651 0.052651
1 0.16016 0.38574 0.052651 0.052651
1 0.24121 0.31641 0.052651 0.052651
1 0.2793 0.30371 0.052651 0.052651
1 0.21387 0.29297 0.052651 0.052651
1 0.19043 0.25391 0.052651 0.052651
1 0.12988 0.25 0.052651 0.052651
1 0.12695 0.33301 0.052651 0.052651
1 0.34082 0.39844 0.052651 0.052651
1 0.073242 0.26953 0.052651 0.052651
1 0.023438 0.17871 0.052651 0.052651
1 0.15625 0.28809 0.052651 0.052651
1 0.74512 0.66699 0.052651 0.052651
1 0.74023 0.58496 0.052651 0.052651
1 0.65039 0.57031 0.052651 0.052651
1 0.7207 0.54688 0.052651 0.052651
1 0.66504 0.44727 0.052651 0.052651
1 0.75391 0.47949 0.052651 0.052651
1 0.75781 0.45313 0.052651 0.052651
1 0.76465 0.40332 0.052651 0.052651
1 0.69336 0.38281 0.052651 0.052651
1 0.69238 0.32129 0.052651 0.052651
1 0.58594 0.50488 0.052651 0.052651
1 0.50488 0.41504 0.052651 0.052651
1 0.59961 0.3623 0.052651 0.052651
1 0.49609 0.35547 0.052651 0.052651
1 0.53809 0.31152 0.052651 0.052651
1 0.53613 0.21875 0.052651 0.052651
