1 0.30371 0.69434 0.052651 0.052651
1 0.19727 0.57617 0.052651 0.052651
1 0.2793 0.50977 0.052651 0.052651
1 0.2207 0.44824 0.052651 0.052651
1 0.23242 0.38477 0.052651 0.052651
1 0.24805 0.27734 0.052651 0.052651
1 0.2959 0.2207 0.052651 0.052651
1 0.24414 0.23535 0.052651 0.052651
1 0.22852 0.20605 0.052651 0.052651
1 0.17578 0.18555 0.052651 0.052651
1 0.16992 0.057617 0.052651 0.052651
1 0.12695 0.080078 0.052651 0.052651
1 0.23535 0.021484 0.052651 0.052651
1 0.2002 0.017578 0.052651 0.052651
1 0.29395 0.33203 0.052651 0.052651
1 0.37598 0.23828 0.052651 0.052651
1 0.32617 0.13672 0.052651 0.052651
1 0.43359 0.75586 0.052651 0.052651
1 0.37891 0.67969 0.052651 0.052651
1 0.4834 0.70117 0.052651 0.052651
1 0.5166 0.68164 0.052651 0.052651
1 0.54883 0.64063 0.052651 0.052651
1 0.58105 0.59766 0.052651 0.052651
1 0.53906 0.54492 0.052651 0.052651
1 0.6377 0.49707 0.052651 0.052651
1 0.62988 0.5459 0.052651 0.052651
1 0.65918 0.58691 0.052651 0.052651
1 0.70508 0.55859 0.052651 0.052651
1 0.68066 0.49902 0.052651 0.052651
1 0.76563 0.51172 0.052651 0.052651
1 0.26563 0.875 0.052651 0.052651
1 0.44141 0.6709 0.052651 0.052651
1 0.55469 0.77148 0.052651 0.052651
1 0.65918 0.71289 0.052651 0.052651
1 0.63574 0.64844 0.052651 0.052651
1 0.72656 0.65234 0.052651 0.052651
1 0.83203 0.47559 0.052651 0.052651
1 0.78906 0.46973 0.052651 0.052651
1 0.72656 0.47559 0.052651 0.052651
1 0.75293 0.43359 0.052651 0.052651
1 0.82129 0.37793 0.052651 0.052651
1 0.86621 0.29297 0.052651 0.052651
1 0.83691 0.26758 0.052651 0.052651
1 0.81152 0.21094 0.052651 0.052651
1 0.76367 0.25586 0.052651 0.052651
1 0.75391 0.17285 0.052651 0.052651
1 0.80469 0.11133 0.052651 0.052651
1 0.69141 0.047852 0.052651 0.052651
