1 0.96484 0.72461 0.052651 0.052651
1 0.76367 0.6875 0.052651 0.052651
1 0.69824 0.66113 0.052651 0.052651
1 0.65625 0.62402 0.052651 0.052651
1 0.60449 0.58105 0.052651 0.052651
1 0.66016 0.52539 0.052651 0.052651
1 0.73535 0.55273 0.052651 0.052651
1 0.57813 0.45898 0.052651 0.052651
1 0.43359 0.36133 0.052651 0.052651
1 0.47949 0.4707 0.052651 0.052651
1 0.26953 0.29102 0.052651 0.052651
1 0.33691 0.28516 0.052651 0.052651
1 0.11719 0.28613 0.052651 0.052651
1 0.33789 0.38379 0.052651 0.052651
1 0.375 0.42188 0.052651 0.052651
1 0.35742 0.44629 0.052651 0.052651
1 0.34082 0.49316 0.052651 0.052651
1 0.27148 0.50488 0.052651 0.052651
1 0.2041 0.43555 0.052651 0.052651
1 0.14941 0.42188 0.052651 0.052651
1 0.21094 0.50781 0.052651 0.052651
