1 0.89551 0.59375 0.052651 0.052651
1 0.90234 0.63867 0.052651 0.052651
1 0.83887 0.61035 0.052651 0.052651
1 0.82129 0.69043 0.052651 0.052651
1 0.78711 0.62207 0.052651 0.052651
1 0.75586 0.58691 0.052651 0.052651
1 0.72949 0.60449 0.052651 0.052651
1 0.70117 0.58008 0.052651 0.052651
1 0.72363 0.67285 0.052651 0.052651
1 0.63574 0.66113 0.052651 0.052651
1 0.60059 0.66895 0.052651 0.052651
1 0.51855 0.65234 0.052651 0.052651
1 0.48047 0.64063 0.052651 0.052651
1 0.44824 0.62988 0.052651 0.052651
1 0.40723 0.63281 0.052651 0.052651
1 0.36035 0.66113 0.052651 0.052651
1 0.39648 0.53613 0.052651 0.052651
1 0.3584 0.58984 0.052651 0.052651
1 0.24316 0.62207 0.052651 0.052651
1 0.24219 0.54785 0.052651 0.052651
1 0.22754 0.58203 0.052651 0.052651
1 0.18457 0.57422 0.052651 0.052651
1 0.125 0.57031 0.052651 0.052651
1 0.078125 0.49902 0.052651 0.052651
