1 0.17578 0.125 0.052651 0.052651
1 0.34277 0.094727 0.052651 0.052651
1 0.42383 0.11523 0.052651 0.052651
1 0.39355 0.28711 0.052651 0.052651
1 0.44141 0.33887 0.052651 0.052651
1 0.52734 0.35254 0.052651 0.052651
1 0.55078 0.33203 0.052651 0.052651
1 0.56055 0.2793 0.052651 0.052651
1 0.59961 0.29785 0.052651 0.052651
1 0.65332 0.3252 0.052651 0.052651
1 0.77344 0.2334 0.052651 0.052651
1 0.68652 0.33691 0.052651 0.052651
1 0.70996 0.2373 0.052651 0.052651
1 0.12012 0.27441 0.052651 0.052651
1 0.20801 0.22559 0.052651 0.052651
1 0.27344 0.22949 0.052651 0.052651
1 0.22754 0.2959 0.052651 0.052651
1 0.25684 0.33691 0.052651 0.052651
1 0.3291 0.36426 0.052651 0.052651
1 0.26172 0.36816 0.052651 0.052651
1 0.38965 0.38574 0.052651 0.052651
1 0.29785 0.4541 0.052651 0.052651
1 0.3623 0.50879 0.052651 0.052651
1 0.39355 0.53418 0.052651 0.052651
1 0.49609 0.55469 0.052651 0.052651
1 0.45898 0.67871 0.052651 0.052651
1 0.58887 0.6084 0.052651 0.052651
1 0.55762 0.65723 0.052651 0.052651
1 0.51758 0.70703 0.052651 0.052651
1 0.6543 0.74121 0.052651 0.052651
