1 0.9668 0.54395 0.052651 0.052651
1 0.95703 0.65234 0.052651 0.052651
1 0.9209 0.61816 0.052651 0.052651
1 0.93066 0.53711 0.052651 0.052651
1 0.86621 0.64063 0.052651 0.052651
1 0.84668 0.59375 0.052651 0.052651
1 0.79004 0.65527 0.052651 0.052651
1 0.76367 0.62793 0.052651 0.052651
1 0.7627 0.56055 0.052651 0.052651
1 0.73438 0.53906 0.052651 0.052651
1 0.69434 0.55762 0.052651 0.052651
1 0.65625 0.60938 0.052651 0.052651
1 0.66113 0.52539 0.052651 0.052651
1 0.62402 0.58105 0.052651 0.052651
1 0.59375 0.57227 0.052651 0.052651
1 0.60938 0.50781 0.052651 0.052651
1 0.56836 0.53809 0.052651 0.052651
1 0.50195 0.56543 0.052651 0.052651
1 0.45996 0.55566 0.052651 0.052651
1 0.48633 0.50488 0.052651 0.052651
1 0.42285 0.5 0.052651 0.052651
1 0.44336 0.46875 0.052651 0.052651
1 0.37695 0.55566 0.052651 0.052651
1 0.30664 0.58301 0.052651 0.052651
1 0.29492 0.53516 0.052651 0.052651
1 0.32227 0.45801 0.052651 0.052651
1 0.27441 0.43457 0.052651 0.052651
1 0.24805 0.44531 0.052651 0.052651
1 0.24023 0.50391 0.052651 0.052651
1 0.23828 0.54199 0.052651 0.052651
1 0.17676 0.49707 0.052651 0.052651
1 0.125 0.45508 0.052651 0.052651
1 0.09668 0.48438 0.052651 0.052651
1 0.089844 0.5166 0.052651 0.052651
1 0.11133 0.35352 0.052651 0.052651
1 0.081055 0.38281 0.052651 0.052651
