1 0.4375 0.16797 0.052651 0.052651
1 0.55078 0.19922 0.052651 0.052651
1 0.56543 0.2998 0.052651 0.052651
1 0.56836 0.34863 0.052651 0.052651
1 0.66895 0.34375 0.052651 0.052651
1 0.66699 0.40234 0.052651 0.052651
1 0.71777 0.34668 0.052651 0.052651
1 0.35059 0.28613 0.052651 0.052651
1 0.29785 0.32031 0.052651 0.052651
1 0.30273 0.43262 0.052651 0.052651
1 0.375 0.43262 0.052651 0.052651
1 0.41602 0.56445 0.052651 0.052651
1 0.42871 0.61328 0.052651 0.052651
1 0.38867 0.68945 0.052651 0.052651
1 0.44727 0.66797 0.052651 0.052651
1 0.44531 0.75879 0.052651 0.052651
1 0.48438 0.75 0.052651 0.052651
1 0.50684 0.79492 0.052651 0.052651
1 0.48047 0.87207 0.052651 0.052651
1 0.47363 0.92871 0.052651 0.052651
1 0.46094 0.97168 0.052651 0.052651
1 0.55176 0.95703 0.052651 0.052651
