1 0.92188 0.44336 0.052651 0.052651
1 0.92969 0.52344 0.052651 0.052651
1 0.88281 0.54883 0.052651 0.052651
1 0.80762 0.54199 0.052651 0.052651
1 0.74805 0.56836 0.052651 0.052651
1 0.72656 0.50293 0.052651 0.052651
1 0.66016 0.51563 0.052651 0.052651
1 0.63281 0.53027 0.052651 0.052651
1 0.63379 0.60254 0.052651 0.052651
1 0.55273 0.58789 0.052651 0.052651
1 0.49121 0.63965 0.052651 0.052651
1 0.45801 0.66309 0.052651 0.052651
1 0.40918 0.61133 0.052651 0.052651
1 0.37207 0.62402 0.052651 0.052651
1 0.34961 0.69824 0.052651 0.052651
1 0.32031 0.70898 0.052651 0.052651
1 0.28516 0.64844 0.052651 0.052651
1 0.25195 0.61426 0.052651 0.052651
1 0.26172 0.70215 0.052651 0.052651
1 0.21582 0.67188 0.052651 0.052651
1 0.18262 0.66309 0.052651 0.052651
1 0.18359 0.75879 0.052651 0.052651
1 0.15039 0.65527 0.052651 0.052651
1 0.13184 0.75977 0.052651 0.052651
1 0.1123 0.78027 0.052651 0.052651
1 0.061523 0.77246 0.052651 0.052651
1 0.086914 0.69141 0.052651 0.052651
