1 0.89551 0.27832 0.052651 0.052651
1 0.80469 0.29688 0.052651 0.052651
1 0.77441 0.34375 0.052651 0.052651
1 0.82617 0.43848 0.052651 0.052651
1 0.74707 0.38965 0.052651 0.052651
1 0.71191 0.39355 0.052651 0.052651
1 0.68945 0.42188 0.052651 0.052651
1 0.67383 0.46484 0.052651 0.052651
1 0.68262 0.54395 0.052651 0.052651
1 0.65723 0.51074 0.052651 0.052651
1 0.61914 0.5332 0.052651 0.052651
1 0.59961 0.57617 0.052651 0.052651
1 0.54297 0.5332 0.052651 0.052651
1 0.51855 0.54883 0.052651 0.052651
1 0.46191 0.61914 0.052651 0.052651
1 0.41895 0.64063 0.052651 0.052651
1 0.37793 0.67578 0.052651 0.052651
1 0.36523 0.63281 0.052651 0.052651
1 0.34082 0.68066 0.052651 0.052651
1 0.26172 0.64648 0.052651 0.052651
1 0.34375 0.8125 0.052651 0.052651
1 0.18457 0.74414 0.052651 0.052651
1 0.12305 0.70117 0.052651 0.052651
1 0.11816 0.74121 0.052651 0.052651
1 0.03125 0.73535 0.052651 0.052651
1 0.056641 0.66016 0.052651 0.052651
