1 0.6709 0.96289 0.048281 0.048281
1 0.60645 0.87988 0.048281 0.048281
1 0.61328 0.77344 0.048281 0.048281
1 0.56348 0.80273 0.048281 0.048281
1 0.69238 0.875 0.048281 0.048281
1 0.67383 0.83984 0.048281 0.048281
1 0.5127 0.66992 0.048281 0.048281
1 0.48828 0.6416 0.048281 0.048281
1 0.4707 0.61914 0.048281 0.048281
1 0.42871 0.65234 0.048281 0.048281
1 0.38672 0.62988 0.048281 0.048281
1 0.3877 0.59766 0.048281 0.048281
1 0.43945 0.56055 0.048281 0.048281
1 0.36133 0.53516 0.048281 0.048281
1 0.39941 0.4043 0.048281 0.048281
1 0.37695 0.34863 0.048281 0.048281
1 0.41309 0.34766 0.048281 0.048281
1 0.39648 0.37207 0.048281 0.048281
1 0.39453 0.31738 0.048281 0.048281
1 0.27539 0.25293 0.048281 0.048281
1 0.34082 0.22852 0.048281 0.048281
1 0.3457 0.15918 0.048281 0.048281
1 0.27539 0.15332 0.048281 0.048281
1 0.33008 0.1875 0.048281 0.048281
1 0.28516 0.069336 0.048281 0.048281
1 0.27344 0.023438 0.048281 0.048281
1 0.31055 0.23438 0.048281 0.048281
