1 0.12891 0.41113 0.052656 0.052656
1 0.11621 0.36426 0.052656 0.052656
1 0.19922 0.38477 0.052656 0.052656
1 0.18945 0.33594 0.052656 0.052656
1 0.22461 0.33301 0.052656 0.052656
1 0.2373 0.39648 0.052656 0.052656
1 0.27148 0.3584 0.052656 0.052656
1 0.30566 0.34082 0.052656 0.052656
1 0.35645 0.34375 0.052656 0.052656
1 0.45117 0.37109 0.052656 0.052656
1 0.41504 0.41406 0.052656 0.052656
1 0.45215 0.49609 0.052656 0.052656
1 0.57129 0.55273 0.052656 0.052656
1 0.63184 0.49219 0.052656 0.052656
1 0.66992 0.53906 0.052656 0.052656
1 0.66895 0.5918 0.052656 0.052656
1 0.68359 0.65723 0.052656 0.052656
1 0.73438 0.64453 0.052656 0.052656
1 0.76367 0.62305 0.052656 0.052656
1 0.82227 0.69141 0.052656 0.052656
1 0.82422 0.65332 0.052656 0.052656
1 0.88574 0.63672 0.052656 0.052656
1 0.89941 0.69727 0.052656 0.052656
