1 0.44531 0.11426 0.052651 0.052651
1 0.50488 0.23828 0.052651 0.052651
1 0.42578 0.21191 0.052651 0.052651
1 0.27246 0.17383 0.052651 0.052651
1 0.22461 0.15723 0.052651 0.052651
1 0.14063 0.091797 0.052651 0.052651
1 0.039063 0.13867 0.052651 0.052651
1 0.078125 0.20703 0.052651 0.052651
1 0.023438 0.24707 0.052651 0.052651
1 0.28223 0.32227 0.052651 0.052651
1 0.26367 0.39453 0.052651 0.052651
1 0.17871 0.45313 0.052651 0.052651
1 0.11914 0.45703 0.052651 0.052651
1 0.15234 0.54492 0.052651 0.052651
1 0.087891 0.54883 0.052651 0.052651
1 0.53809 0.3418 0.052651 0.052651
1 0.58984 0.86523 0.052651 0.052651
1 0.52734 0.6875 0.052651 0.052651
1 0.50879 0.73828 0.052651 0.052651
