1 0.33301 0.05957 0.052651 0.052651
1 0.27832 0.019531 0.052651 0.052651
1 0.29785 0.091797 0.052651 0.052651
1 0.25977 0.09082 0.052651 0.052651
1 0.27637 0.15625 0.052651 0.052651
1 0.35547 0.14258 0.052651 0.052651
1 0.29199 0.20703 0.052651 0.052651
1 0.32422 0.27832 0.052651 0.052651
1 0.35352 0.30176 0.052651 0.052651
1 0.39551 0.25488 0.052651 0.052651
1 0.44043 0.23145 0.052651 0.052651
1 0.38867 0.34766 0.052651 0.052651
1 0.42188 0.42578 0.052651 0.052651
1 0.44531 0.43359 0.052651 0.052651
1 0.50391 0.3877 0.052651 0.052651
1 0.55566 0.44922 0.052651 0.052651
1 0.54395 0.50391 0.052651 0.052651
1 0.49609 0.53516 0.052651 0.052651
1 0.57031 0.57031 0.052651 0.052651
1 0.55078 0.65039 0.052651 0.052651
1 0.67578 0.68457 0.052651 0.052651
1 0.66016 0.71973 0.052651 0.052651
1 0.70508 0.7998 0.052651 0.052651
1 0.73926 0.86816 0.052651 0.052651
1 0.66699 0.89844 0.052651 0.052651
1 0.72852 0.96484 0.052651 0.052651
