1 0.10742 0.035156 0.052656 0.052656
1 0.1543 0.064453 0.052656 0.052656
1 0.1543 0.10254 0.052656 0.052656
1 0.083984 0.15234 0.052656 0.052656
1 0.20996 0.16699 0.052656 0.052656
1 0.23242 0.2207 0.052656 0.052656
1 0.20508 0.25391 0.052656 0.052656
1 0.2168 0.30469 0.052656 0.052656
1 0.18359 0.30078 0.052656 0.052656
1 0.2666 0.28613 0.052656 0.052656
1 0.27344 0.31445 0.052656 0.052656
1 0.34668 0.38867 0.052656 0.052656
1 0.3457 0.42773 0.052656 0.052656
1 0.40625 0.43457 0.052656 0.052656
1 0.35449 0.48828 0.052656 0.052656
1 0.47363 0.6084 0.052656 0.052656
1 0.54785 0.57031 0.052656 0.052656
1 0.56055 0.64258 0.052656 0.052656
1 0.52539 0.71094 0.052656 0.052656
1 0.61914 0.7002 0.052656 0.052656
1 0.61523 0.72852 0.052656 0.052656
1 0.56348 0.77148 0.052656 0.052656
1 0.67871 0.76953 0.052656 0.052656
1 0.60547 0.82227 0.052656 0.052656
1 0.67383 0.85254 0.052656 0.052656
1 0.71387 0.87305 0.052656 0.052656
1 0.76953 0.95508 0.052656 0.052656
1 0.78809 0.97656 0.052656 0.052656
1 0.5127 0.65234 0.052656 0.052656
1 0.66406 0.89551 0.052656 0.052656
1 0.5957 0.86719 0.052656 0.052656
1 0.45508 0.51074 0.052656 0.052656
