1 0.91406 0.18555 0.048281 0.048281
1 0.66992 0.27539 0.048281 0.048281
1 0.69727 0.32813 0.048281 0.048281
1 0.60645 0.38281 0.048281 0.048281
1 0.60156 0.35254 0.048281 0.048281
1 0.52832 0.41602 0.048281 0.048281
1 0.44824 0.40039 0.048281 0.048281
1 0.36816 0.44727 0.048281 0.048281
1 0.48438 0.48926 0.048281 0.048281
1 0.45508 0.48535 0.048281 0.048281
1 0.32813 0.51074 0.048281 0.048281
1 0.29785 0.58301 0.048281 0.048281
1 0.23145 0.66211 0.048281 0.048281
1 0.25684 0.62598 0.048281 0.048281
1 0.23633 0.74512 0.048281 0.048281
1 0.20801 0.73438 0.048281 0.048281
1 0.19043 0.71582 0.048281 0.048281
1 0.20801 0.78125 0.048281 0.048281
1 0.16895 0.75977 0.048281 0.048281
1 0.16895 0.80957 0.048281 0.048281
1 0.1377 0.85742 0.048281 0.048281
1 0.10645 0.89063 0.048281 0.048281
1 0.082031 0.88379 0.048281 0.048281
1 0.048828 0.91406 0.048281 0.048281
1 0.036133 0.87695 0.048281 0.048281
1 0.10449 0.93848 0.048281 0.048281
1 0.33594 0.54297 0.048281 0.048281
