1 0.31348 0.28418 0.052656 0.052656
1 0.38477 0.39063 0.052656 0.052656
1 0.46582 0.33984 0.052656 0.052656
1 0.5 0.3584 0.052656 0.052656
1 0.47461 0.41895 0.052656 0.052656
1 0.62891 0.45996 0.052656 0.052656
1 0.53906 0.56934 0.052656 0.052656
1 0.58203 0.61523 0.052656 0.052656
1 0.6123 0.70996 0.052656 0.052656
1 0.64941 0.79492 0.052656 0.052656
1 0.70117 0.83398 0.052656 0.052656
1 0.77441 0.67383 0.052656 0.052656
1 0.78027 0.70313 0.052656 0.052656
1 0.87109 0.68066 0.052656 0.052656
1 0.86328 0.77344 0.052656 0.052656
