1 0.8457 0.2959 0.052651 0.052651
1 0.80176 0.24219 0.052651 0.052651
1 0.81641 0.36328 0.052651 0.052651
1 0.74023 0.38281 0.052651 0.052651
1 0.72852 0.41504 0.052651 0.052651
1 0.75684 0.44824 0.052651 0.052651
1 0.84668 0.4375 0.052651 0.052651
1 0.85156 0.47949 0.052651 0.052651
1 0.85645 0.53906 0.052651 0.052651
1 0.74023 0.54297 0.052651 0.052651
1 0.85645 0.70313 0.052651 0.052651
1 0.80273 0.67773 0.052651 0.052651
1 0.79688 0.75 0.052651 0.052651
1 0.79395 0.80176 0.052651 0.052651
1 0.7168 0.94824 0.052651 0.052651
1 0.9502 0.086914 0.052651 0.052651
1 0.8584 0.097656 0.052651 0.052651
1 0.80469 0.12109 0.052651 0.052651
1 0.81445 0.18359 0.052651 0.052651
1 0.76367 0.22656 0.052651 0.052651
1 0.74707 0.14941 0.052651 0.052651
1 0.6875 0.27832 0.052651 0.052651
1 0.63379 0.19531 0.052651 0.052651
1 0.56641 0.33887 0.052651 0.052651
1 0.5127 0.27051 0.052651 0.052651
1 0.43848 0.29297 0.052651 0.052651
1 0.44629 0.40332 0.052651 0.052651
1 0.35352 0.31738 0.052651 0.052651
1 0.33203 0.3916 0.052651 0.052651
1 0.26953 0.36035 0.052651 0.052651
1 0.22266 0.37598 0.052651 0.052651
1 0.17676 0.35156 0.052651 0.052651
1 0.1875 0.44922 0.052651 0.052651
1 0.13281 0.41113 0.052651 0.052651
1 0.35938 0.36719 0.052651 0.052651
1 0.72266 0.22656 0.052651 0.052651
1 0.71094 0.14844 0.052651 0.052651
