1 0.82813 0.90723 0.052651 0.052651
1 0.78125 0.85156 0.052651 0.052651
1 0.79785 0.76758 0.052651 0.052651
1 0.85059 0.50195 0.052651 0.052651
1 0.89258 0.49316 0.052651 0.052651
1 0.75195 0.72949 0.052651 0.052651
1 0.70703 0.61719 0.052651 0.052651
1 0.6377 0.62305 0.052651 0.052651
1 0.62598 0.56738 0.052651 0.052651
1 0.56055 0.625 0.052651 0.052651
1 0.50488 0.60547 0.052651 0.052651
1 0.48145 0.53906 0.052651 0.052651
1 0.47656 0.47656 0.052651 0.052651
1 0.45117 0.39941 0.052651 0.052651
1 0.33789 0.31348 0.052651 0.052651
1 0.29395 0.27832 0.052651 0.052651
1 0.24219 0.21387 0.052651 0.052651
1 0.063477 0.086914 0.052651 0.052651
1 0.063477 0.2168 0.052651 0.052651
1 0.022461 0.18066 0.052651 0.052651
1 0.16602 0.22656 0.052651 0.052651
1 0.35352 0.36914 0.052651 0.052651
1 0.7207 0.82422 0.052651 0.052651
1 0.73926 0.80957 0.052651 0.052651
1 0.75293 0.89746 0.052651 0.052651
