1 0.14648 0.082031 0.052604 0.052604
1 0.22656 0.083984 0.052604 0.052604
1 0.18945 0.13574 0.052604 0.052604
1 0.13672 0.33008 0.052604 0.052604
1 0.12891 0.45703 0.052604 0.052604
1 0.17969 0.5293 0.052604 0.052604
1 0.16406 0.62793 0.052604 0.052604
1 0.14453 0.72754 0.052604 0.052604
1 0.19922 0.75781 0.052604 0.052604
1 0.18457 0.88086 0.052604 0.052604
1 0.10645 0.86328 0.052604 0.052604
1 0.18262 0.44043 0.052604 0.052604
1 0.17578 0.31543 0.052604 0.052604
1 0.26367 0.23926 0.052604 0.052604
1 0.32129 0.19336 0.052604 0.052604
1 0.29395 0.29297 0.052604 0.052604
1 0.33887 0.36914 0.052604 0.052604
1 0.32227 0.42285 0.052604 0.052604
1 0.38867 0.44043 0.052604 0.052604
1 0.39941 0.55664 0.052604 0.052604
1 0.36621 0.53711 0.052604 0.052604
1 0.37305 0.60254 0.052604 0.052604
1 0.36426 0.26953 0.052604 0.052604
1 0.47852 0.31543 0.052604 0.052604
1 0.46387 0.23047 0.052604 0.052604
1 0.52051 0.20801 0.052604 0.052604
1 0.58301 0.27344 0.052604 0.052604
1 0.58789 0.18457 0.052604 0.052604
1 0.60254 0.21582 0.052604 0.052604
1 0.72949 0.24316 0.052604 0.052604
1 0.84961 0.28711 0.052604 0.052604
1 0.87598 0.32715 0.052604 0.052604
1 0.8623 0.36133 0.052604 0.052604
1 0.89844 0.3877 0.052604 0.052604
1 0.90527 0.30957 0.052604 0.052604
1 0.95898 0.36133 0.052604 0.052604
