1 0.084961 0.095703 0.052656 0.052656
1 0.13281 0.125 0.052656 0.052656
1 0.22363 0.078125 0.052656 0.052656
1 0.18555 0.13867 0.052656 0.052656
1 0.21094 0.14941 0.052656 0.052656
1 0.25879 0.11328 0.052656 0.052656
1 0.23535 0.17969 0.052656 0.052656
1 0.26367 0.19043 0.052656 0.052656
1 0.32031 0.11914 0.052656 0.052656
1 0.30176 0.16504 0.052656 0.052656
1 0.38867 0.18555 0.052656 0.052656
1 0.33008 0.22266 0.052656 0.052656
1 0.36816 0.21484 0.052656 0.052656
1 0.36719 0.25391 0.052656 0.052656
1 0.48926 0.25 0.052656 0.052656
1 0.53906 0.27441 0.052656 0.052656
1 0.46777 0.2832 0.052656 0.052656
1 0.56055 0.35547 0.052656 0.052656
1 0.57129 0.41504 0.052656 0.052656
1 0.61035 0.45996 0.052656 0.052656
1 0.55859 0.4873 0.052656 0.052656
1 0.5918 0.53418 0.052656 0.052656
1 0.57227 0.59082 0.052656 0.052656
1 0.59863 0.6377 0.052656 0.052656
1 0.59863 0.69922 0.052656 0.052656
1 0.64258 0.70703 0.052656 0.052656
1 0.67969 0.76367 0.052656 0.052656
1 0.64844 0.77148 0.052656 0.052656
1 0.63086 0.80273 0.052656 0.052656
1 0.71875 0.83984 0.052656 0.052656
1 0.76172 0.90332 0.052656 0.052656
