1 0.92773 0.87695 0.052651 0.052651
1 0.8125 0.86914 0.052651 0.052651
1 0.84766 0.7832 0.052651 0.052651
1 0.75586 0.64453 0.052651 0.052651
1 0.68359 0.68555 0.052651 0.052651
1 0.68359 0.56934 0.052651 0.052651
1 0.64648 0.49414 0.052651 0.052651
1 0.59863 0.45313 0.052651 0.052651
1 0.48047 0.40723 0.052651 0.052651
1 0.47266 0.31055 0.052651 0.052651
1 0.40625 0.39063 0.052651 0.052651
1 0.4043 0.41699 0.052651 0.052651
1 0.375 0.38086 0.052651 0.052651
1 0.34473 0.33301 0.052651 0.052651
1 0.33594 0.27637 0.052651 0.052651
1 0.40137 0.2334 0.052651 0.052651
1 0.3457 0.16113 0.052651 0.052651
1 0.3291 0.18848 0.052651 0.052651
1 0.26953 0.18262 0.052651 0.052651
1 0.22754 0.063477 0.052651 0.052651
1 0.16992 0.032227 0.052651 0.052651
1 0.18555 0.09375 0.052651 0.052651
1 0.042969 0.055664 0.052651 0.052651
