1 0.85742 0.23438 0.052604 0.052604
1 0.89746 0.25098 0.052604 0.052604
1 0.91309 0.27539 0.052604 0.052604
1 0.88184 0.33105 0.052604 0.052604
1 0.8418 0.32324 0.052604 0.052604
1 0.84375 0.38379 0.052604 0.052604
1 0.81348 0.40039 0.052604 0.052604
1 0.75391 0.45508 0.052604 0.052604
1 0.71191 0.43262 0.052604 0.052604
1 0.64844 0.47461 0.052604 0.052604
1 0.63379 0.50879 0.052604 0.052604
1 0.69238 0.6084 0.052604 0.052604
1 0.63867 0.56445 0.052604 0.052604
1 0.59863 0.59961 0.052604 0.052604
1 0.63574 0.61035 0.052604 0.052604
1 0.45313 0.67383 0.052604 0.052604
1 0.43457 0.64844 0.052604 0.052604
1 0.38574 0.68848 0.052604 0.052604
1 0.34277 0.70508 0.052604 0.052604
1 0.28906 0.70117 0.052604 0.052604
1 0.24512 0.74414 0.052604 0.052604
1 0.19727 0.7627 0.052604 0.052604
1 0.15332 0.82227 0.052604 0.052604
1 0.074219 0.85156 0.052604 0.052604
1 0.11328 0.75781 0.052604 0.052604
