1 0.12988 0.083008 0.052651 0.052651
1 0.12109 0.03125 0.052651 0.052651
1 0.17871 0.055664 0.052651 0.052651
1 0.19727 0.017578 0.052651 0.052651
1 0.21973 0.10156 0.052651 0.052651
1 0.20898 0.18164 0.052651 0.052651
1 0.27148 0.14063 0.052651 0.052651
1 0.31934 0.14355 0.052651 0.052651
1 0.37988 0.19629 0.052651 0.052651
1 0.41797 0.25 0.052651 0.052651
1 0.41504 0.28125 0.052651 0.052651
1 0.47461 0.33984 0.052651 0.052651
1 0.54297 0.33984 0.052651 0.052651
1 0.57617 0.33105 0.052651 0.052651
1 0.57715 0.39063 0.052651 0.052651
1 0.69824 0.48047 0.052651 0.052651
1 0.65625 0.44238 0.052651 0.052651
1 0.75684 0.52637 0.052651 0.052651
1 0.87988 0.5 0.052651 0.052651
1 0.066406 0.09668 0.052651 0.052651
1 0.11133 0.17188 0.052651 0.052651
1 0.13477 0.25684 0.052651 0.052651
1 0.16309 0.38574 0.052651 0.052651
1 0.23633 0.43848 0.052651 0.052651
1 0.16797 0.30078 0.052651 0.052651
1 0.23535 0.48047 0.052651 0.052651
1 0.17871 0.44727 0.052651 0.052651
1 0.18457 0.61328 0.052651 0.052651
1 0.18652 0.65039 0.052651 0.052651
1 0.16602 0.68066 0.052651 0.052651
1 0.043945 0.61816 0.052651 0.052651
1 0.083984 0.62891 0.052651 0.052651
1 0.064453 0.66406 0.052651 0.052651
1 0.1875 0.7627 0.052651 0.052651
1 0.09082 0.78223 0.052651 0.052651
1 0.12109 0.86328 0.052651 0.052651
1 0.1875 0.86328 0.052651 0.052651
1 0.2002 0.91016 0.052651 0.052651
1 0.44629 0.17578 0.052651 0.052651
1 0.5498 0.20801 0.052651 0.052651
1 0.59863 0.21875 0.052651 0.052651
1 0.62891 0.21094 0.052651 0.052651
1 0.84277 0.2002 0.052651 0.052651
1 0.89453 0.23926 0.052651 0.052651
1 0.57422 0.28516 0.052651 0.052651
1 0.63281 0.32813 0.052651 0.052651
1 0.70313 0.33203 0.052651 0.052651
1 0.75781 0.30078 0.052651 0.052651
1 0.86816 0.33984 0.052651 0.052651
1 0.8623 0.29297 0.052651 0.052651
1 0.92676 0.31055 0.052651 0.052651
