1 0.15234 0.51172 0.052656 0.052656
1 0.21875 0.38672 0.052656 0.052656
1 0.2334 0.40723 0.052656 0.052656
1 0.27832 0.38477 0.052656 0.052656
1 0.43262 0.32422 0.052656 0.052656
1 0.44727 0.40332 0.052656 0.052656
1 0.51172 0.30957 0.052656 0.052656
1 0.66113 0.3584 0.052656 0.052656
1 0.27539 0.52832 0.052656 0.052656
1 0.33203 0.45996 0.052656 0.052656
1 0.37988 0.44043 0.052656 0.052656
1 0.3584 0.52148 0.052656 0.052656
1 0.40723 0.52051 0.052656 0.052656
1 0.49023 0.5166 0.052656 0.052656
1 0.56836 0.47461 0.052656 0.052656
1 0.62402 0.52441 0.052656 0.052656
1 0.56836 0.57129 0.052656 0.052656
1 0.61816 0.6377 0.052656 0.052656
1 0.68359 0.59082 0.052656 0.052656
1 0.70605 0.60254 0.052656 0.052656
1 0.82324 0.68164 0.052656 0.052656
