1 0.73926 0.17578 0.052604 0.052604
1 0.7002 0.14941 0.052604 0.052604
1 0.4668 0.35156 0.052604 0.052604
1 0.37207 0.2998 0.052604 0.052604
1 0.34082 0.36816 0.052604 0.052604
1 0.28027 0.32129 0.052604 0.052604
1 0.16504 0.2959 0.052604 0.052604
1 0.12988 0.30469 0.052604 0.052604
1 0.11719 0.21973 0.052604 0.052604
1 0.089844 0.29297 0.052604 0.052604
1 0.89453 0.13379 0.052604 0.052604
1 0.83008 0.14063 0.052604 0.052604
1 0.92969 0.16504 0.052604 0.052604
1 0.91113 0.36426 0.052604 0.052604
1 0.96289 0.34668 0.052604 0.052604
1 0.93652 0.41699 0.052604 0.052604
1 0.9502 0.48535 0.052604 0.052604
1 0.49707 0.37598 0.052604 0.052604
1 0.56836 0.37402 0.052604 0.052604
1 0.4375 0.53125 0.052604 0.052604
1 0.47754 0.53516 0.052604 0.052604
1 0.46582 0.59277 0.052604 0.052604
1 0.3584 0.68945 0.052604 0.052604
1 0.33301 0.75391 0.052604 0.052604
1 0.28711 0.75586 0.052604 0.052604
1 0.26758 0.80762 0.052604 0.052604
1 0.44531 0.65625 0.052604 0.052604
1 0.45215 0.78516 0.052604 0.052604
1 0.49023 0.80566 0.052604 0.052604
