1 0.95313 0.68066 0.048281 0.048281
1 0.91895 0.60352 0.048281 0.048281
1 0.81738 0.54785 0.048281 0.048281
1 0.80078 0.56836 0.048281 0.048281
1 0.84863 0.49414 0.048281 0.048281
1 0.74707 0.6084 0.048281 0.048281
1 0.68359 0.59863 0.048281 0.048281
1 0.70898 0.54102 0.048281 0.048281
1 0.67285 0.50195 0.048281 0.048281
1 0.61133 0.48828 0.048281 0.048281
1 0.57129 0.54492 0.048281 0.048281
1 0.54395 0.5293 0.048281 0.048281
1 0.45313 0.5127 0.048281 0.048281
1 0.49414 0.44141 0.048281 0.048281
1 0.39063 0.40234 0.048281 0.048281
1 0.31934 0.46875 0.048281 0.048281
1 0.2666 0.46191 0.048281 0.048281
1 0.26465 0.37988 0.048281 0.048281
1 0.23535 0.44922 0.048281 0.048281
1 0.21582 0.46191 0.048281 0.048281
1 0.18652 0.45605 0.048281 0.048281
1 0.2041 0.38477 0.048281 0.048281
1 0.17969 0.43066 0.048281 0.048281
1 0.094727 0.44531 0.048281 0.048281
1 0.11523 0.41309 0.048281 0.048281
