1 0.34473 0.086914 0.052651 0.052651
1 0.44043 0.067383 0.052651 0.052651
1 0.45996 0.2168 0.052651 0.052651
1 0.52051 0.22949 0.052651 0.052651
1 0.58301 0.28809 0.052651 0.052651
1 0.66699 0.50293 0.052651 0.052651
1 0.73926 0.45508 0.052651 0.052651
1 0.77051 0.53125 0.052651 0.052651
1 0.81934 0.52441 0.052651 0.052651
1 0.81348 0.43945 0.052651 0.052651
1 0.8457 0.44141 0.052651 0.052651
1 0.9082 0.45215 0.052651 0.052651
1 0.9209 0.54004 0.052651 0.052651
1 0.21191 0.16211 0.052651 0.052651
1 0.23145 0.23145 0.052651 0.052651
1 0.30566 0.26953 0.052651 0.052651
1 0.26563 0.375 0.052651 0.052651
1 0.27051 0.43848 0.052651 0.052651
1 0.3418 0.4707 0.052651 0.052651
1 0.32031 0.60352 0.052651 0.052651
1 0.33887 0.69043 0.052651 0.052651
1 0.52637 0.97852 0.052651 0.052651
