1 0.89258 0.35352 0.087708 0.087708
1 0.93359 0.31055 0.087708 0.087708
1 0.85352 0.375 0.087708 0.087708
1 0.85156 0.32031 0.087708 0.087708
1 0.66602 0.40039 0.087708 0.087708
1 0.57617 0.39453 0.087708 0.087708
1 0.51758 0.41602 0.087708 0.087708
1 0.38477 0.49023 0.087708 0.087708
1 0.32227 0.49219 0.087708 0.087708
1 0.060547 0.5332 0.087708 0.087708
1 0.17188 0.58203 0.087708 0.087708
1 0.45898 0.55859 0.087708 0.087708
1 0.49609 0.5293 0.087708 0.087708
1 0.94727 0.056641 0.087708 0.087708
1 0.91602 0.082031 0.087708 0.087708
1 0.88086 0.037109 0.087708 0.087708
