1 0.87207 0.38574 0.043854 0.043854
1 0.87207 0.45215 0.043854 0.043854
1 0.80957 0.45996 0.043854 0.043854
1 0.8291 0.52051 0.043854 0.043854
1 0.74316 0.73535 0.043854 0.043854
1 0.69629 0.71191 0.043854 0.043854
1 0.74512 0.66504 0.043854 0.043854
1 0.7373 0.62598 0.043854 0.043854
1 0.65332 0.75879 0.043854 0.043854
1 0.60547 0.75879 0.043854 0.043854
1 0.58105 0.90723 0.043854 0.043854
1 0.59082 0.86035 0.043854 0.043854
1 0.62793 0.87207 0.043854 0.043854
1 0.8916 0.33105 0.043854 0.043854
1 0.88086 0.30957 0.043854 0.043854
1 0.8291 0.24707 0.043854 0.043854
1 0.79395 0.27832 0.043854 0.043854
1 0.78223 0.33301 0.043854 0.043854
1 0.85254 0.29199 0.043854 0.043854
1 0.64355 0.30762 0.043854 0.043854
1 0.61035 0.41113 0.043854 0.043854
1 0.54785 0.43457 0.043854 0.043854
1 0.55566 0.39551 0.043854 0.043854
1 0.5498 0.37402 0.043854 0.043854
1 0.57129 0.35645 0.043854 0.043854
1 0.55371 0.3252 0.043854 0.043854
1 0.50488 0.37988 0.043854 0.043854
1 0.5166 0.45215 0.043854 0.043854
1 0.49902 0.4541 0.043854 0.043854
1 0.45801 0.4502 0.043854 0.043854
1 0.32129 0.50488 0.043854 0.043854
1 0.27051 0.50879 0.043854 0.043854
1 0.21094 0.51465 0.043854 0.043854
1 0.37012 0.40137 0.043854 0.043854
