1 0.94043 0.74902 0.048281 0.048281
1 0.80664 0.77148 0.048281 0.048281
1 0.76172 0.66797 0.048281 0.048281
1 0.67969 0.74805 0.048281 0.048281
1 0.65918 0.72461 0.048281 0.048281
1 0.63867 0.70117 0.048281 0.048281
1 0.58887 0.65332 0.048281 0.048281
1 0.54004 0.5166 0.048281 0.048281
1 0.50684 0.57227 0.048281 0.048281
1 0.62012 0.5791 0.048281 0.048281
1 0.45117 0.48633 0.048281 0.048281
1 0.43066 0.50879 0.048281 0.048281
1 0.44629 0.3916 0.048281 0.048281
1 0.35449 0.42188 0.048281 0.048281
1 0.37305 0.33887 0.048281 0.048281
1 0.3584 0.30957 0.048281 0.048281
1 0.41504 0.3623 0.048281 0.048281
1 0.28613 0.22363 0.048281 0.048281
1 0.28027 0.28516 0.048281 0.048281
1 0.24609 0.24121 0.048281 0.048281
1 0.19238 0.21191 0.048281 0.048281
1 0.21289 0.29785 0.048281 0.048281
