1 0.45703 0.11914 0.052651 0.052651
1 0.44141 0.20508 0.052651 0.052651
1 0.49316 0.10059 0.052651 0.052651
1 0.50488 0.16309 0.052651 0.052651
1 0.55371 0.19629 0.052651 0.052651
1 0.58984 0.40234 0.052651 0.052651
1 0.62988 0.31055 0.052651 0.052651
1 0.70117 0.35059 0.052651 0.052651
1 0.67285 0.38379 0.052651 0.052651
1 0.67578 0.45508 0.052651 0.052651
1 0.64258 0.47754 0.052651 0.052651
1 0.77734 0.5293 0.052651 0.052651
1 0.75098 0.61816 0.052651 0.052651
1 0.72363 0.58496 0.052651 0.052651
1 0.82715 0.57227 0.052651 0.052651
1 0.85352 0.62695 0.052651 0.052651
1 0.78125 0.70508 0.052651 0.052651
1 0.81641 0.72852 0.052651 0.052651
1 0.81934 0.78613 0.052651 0.052651
1 0.86914 0.68164 0.052651 0.052651
1 0.88379 0.71289 0.052651 0.052651
1 0.93848 0.72168 0.052651 0.052651
1 0.94629 0.81348 0.052651 0.052651
1 0.96875 0.85547 0.052651 0.052651
1 0.87109 0.85352 0.052651 0.052651
1 0.91406 0.9375 0.052651 0.052651
1 0.97363 0.91309 0.052651 0.052651
1 0.33301 0.2793 0.052651 0.052651
1 0.36914 0.48242 0.052651 0.052651
1 0.3252 0.62305 0.052651 0.052651
1 0.29395 0.68066 0.052651 0.052651
1 0.23438 0.72852 0.052651 0.052651
1 0.27148 0.78418 0.052651 0.052651
1 0.22559 0.87402 0.052651 0.052651
1 0.18457 0.77637 0.052651 0.052651
1 0.18848 0.84473 0.052651 0.052651
1 0.15332 0.81348 0.052651 0.052651
1 0.12598 0.91797 0.052651 0.052651
1 0.27734 0.19141 0.052651 0.052651
1 0.26367 0.47461 0.052651 0.052651
1 0.16211 0.46484 0.052651 0.052651
1 0.20508 0.56152 0.052651 0.052651
1 0.1377 0.52051 0.052651 0.052651
1 0.11523 0.62109 0.052651 0.052651
1 0.089844 0.56836 0.052651 0.052651
1 0.094727 0.67871 0.052651 0.052651
1 0.043945 0.68652 0.052651 0.052651
1 0.10254 0.74707 0.052651 0.052651
