1 0.72949 0.046875 0.052651 0.052651
1 0.70508 0.11719 0.052651 0.052651
1 0.65625 0.12891 0.052651 0.052651
1 0.62695 0.18359 0.052651 0.052651
1 0.46777 0.18359 0.052651 0.052651
1 0.55176 0.28125 0.052651 0.052651
1 0.51563 0.34473 0.052651 0.052651
1 0.48047 0.38672 0.052651 0.052651
1 0.36816 0.47656 0.052651 0.052651
1 0.3418 0.53125 0.052651 0.052651
1 0.30859 0.59375 0.052651 0.052651
1 0.24512 0.63281 0.052651 0.052651
1 0.24219 0.71875 0.052651 0.052651
1 0.28027 0.71289 0.052651 0.052651
1 0.30957 0.71191 0.052651 0.052651
1 0.33691 0.80469 0.052651 0.052651
1 0.22559 0.84668 0.052651 0.052651
1 0.24805 0.90625 0.052651 0.052651
1 0.23633 0.87109 0.052651 0.052651
1 0.34082 0.96875 0.052651 0.052651
1 0.2998 0.43848 0.052651 0.052651
1 0.32129 0.38965 0.052651 0.052651
