1 0.46582 0.11328 0.043854 0.043854
1 0.46973 0.20117 0.043854 0.043854
1 0.5 0.19238 0.043854 0.043854
1 0.55273 0.23438 0.043854 0.043854
1 0.55859 0.29004 0.043854 0.043854
1 0.58203 0.45703 0.043854 0.043854
1 0.55566 0.44141 0.043854 0.043854
1 0.55469 0.39453 0.043854 0.043854
1 0.52148 0.43359 0.043854 0.043854
1 0.47754 0.4668 0.043854 0.043854
1 0.50293 0.46973 0.043854 0.043854
1 0.49707 0.54297 0.043854 0.043854
1 0.57031 0.58301 0.043854 0.043854
1 0.49707 0.63184 0.043854 0.043854
1 0.5 0.7168 0.043854 0.043854
1 0.48633 0.7666 0.043854 0.043854
1 0.55078 0.76758 0.043854 0.043854
1 0.55566 0.80469 0.043854 0.043854
1 0.55566 0.70703 0.043854 0.043854
1 0.49316 0.85449 0.043854 0.043854
1 0.54199 0.90039 0.043854 0.043854
1 0.51855 0.91406 0.043854 0.043854
1 0.48145 0.95703 0.043854 0.043854
