1 0.36719 0.46875 0.043854 0.043854
1 0.41211 0.46973 0.043854 0.043854
1 0.44629 0.49121 0.043854 0.043854
1 0.47656 0.43359 0.043854 0.043854
1 0.50586 0.44629 0.043854 0.043854
1 0.52539 0.54785 0.043854 0.043854
1 0.57617 0.50195 0.043854 0.043854
1 0.60254 0.54199 0.043854 0.043854
1 0.60059 0.63086 0.043854 0.043854
1 0.65527 0.59375 0.043854 0.043854
1 0.70801 0.60645 0.043854 0.043854
1 0.1084 0.65234 0.043854 0.043854
1 0.094727 0.59668 0.043854 0.043854
1 0.16895 0.62988 0.043854 0.043854
1 0.17676 0.58984 0.043854 0.043854
1 0.13281 0.53613 0.043854 0.043854
1 0.16309 0.52539 0.043854 0.043854
1 0.1875 0.53516 0.043854 0.043854
1 0.22656 0.51367 0.043854 0.043854
1 0.23242 0.47363 0.043854 0.043854
1 0.31836 0.36328 0.043854 0.043854
1 0.3291 0.41602 0.043854 0.043854
1 0.4082 0.34375 0.043854 0.043854
1 0.45508 0.3877 0.043854 0.043854
1 0.51367 0.37793 0.043854 0.043854
1 0.50879 0.41113 0.043854 0.043854
1 0.55371 0.42383 0.043854 0.043854
1 0.53516 0.3418 0.043854 0.043854
1 0.56543 0.3584 0.043854 0.043854
1 0.60059 0.38379 0.043854 0.043854
1 0.62109 0.45801 0.043854 0.043854
1 0.65625 0.37207 0.043854 0.043854
1 0.6416 0.41016 0.043854 0.043854
1 0.66113 0.43848 0.043854 0.043854
1 0.69141 0.43457 0.043854 0.043854
1 0.72266 0.42676 0.043854 0.043854
1 0.70703 0.40527 0.043854 0.043854
1 0.69824 0.36719 0.043854 0.043854
1 0.73535 0.37305 0.043854 0.043854
1 0.76465 0.35645 0.043854 0.043854
1 0.77832 0.38574 0.043854 0.043854
1 0.83984 0.40332 0.043854 0.043854
1 0.91895 0.33105 0.043854 0.043854
1 0.14941 0.60742 0.043854 0.043854
