1 0.83594 0.55859 0.052656 0.052656
1 0.88086 0.54297 0.052656 0.052656
1 0.86523 0.49219 0.052656 0.052656
1 0.79102 0.49219 0.052656 0.052656
1 0.74414 0.4375 0.052656 0.052656
1 0.7627 0.40332 0.052656 0.052656
1 0.83594 0.40625 0.052656 0.052656
1 0.90723 0.67285 0.052656 0.052656
1 0.9082 0.625 0.052656 0.052656
1 0.87598 0.6377 0.052656 0.052656
1 0.84277 0.63281 0.052656 0.052656
1 0.80664 0.64844 0.052656 0.052656
1 0.80859 0.60547 0.052656 0.052656
1 0.74902 0.57031 0.052656 0.052656
1 0.72266 0.65137 0.052656 0.052656
1 0.72754 0.60547 0.052656 0.052656
1 0.69824 0.62305 0.052656 0.052656
1 0.54785 0.62207 0.052656 0.052656
1 0.63086 0.58203 0.052656 0.052656
1 0.41797 0.56738 0.052656 0.052656
1 0.38477 0.54785 0.052656 0.052656
1 0.39746 0.47363 0.052656 0.052656
1 0.35547 0.42676 0.052656 0.052656
1 0.32227 0.44141 0.052656 0.052656
1 0.28516 0.44824 0.052656 0.052656
1 0.26758 0.52344 0.052656 0.052656
1 0.28711 0.54492 0.052656 0.052656
1 0.33105 0.51953 0.052656 0.052656
1 0.60645 0.59375 0.052656 0.052656
1 0.73926 0.72656 0.052656 0.052656
1 0.69629 0.77734 0.052656 0.052656
1 0.66895 0.70215 0.052656 0.052656
1 0.62598 0.71484 0.052656 0.052656
1 0.61719 0.75879 0.052656 0.052656
1 0.55078 0.72852 0.052656 0.052656
1 0.48047 0.75 0.052656 0.052656
1 0.50977 0.73047 0.052656 0.052656
1 0.53809 0.67871 0.052656 0.052656
1 0.58887 0.65332 0.052656 0.052656
1 0.44043 0.66309 0.052656 0.052656
1 0.37695 0.70996 0.052656 0.052656
1 0.39648 0.63672 0.052656 0.052656
1 0.37012 0.61328 0.052656 0.052656
1 0.32715 0.68555 0.052656 0.052656
