1 0.92969 0.9082 0.048281 0.048281
1 0.94629 0.93457 0.048281 0.048281
1 0.94629 0.87793 0.048281 0.048281
1 0.88574 0.84961 0.048281 0.048281
1 0.85254 0.88086 0.048281 0.048281
1 0.8252 0.83398 0.048281 0.048281
1 0.88281 0.91504 0.048281 0.048281
1 0.72266 0.86133 0.048281 0.048281
1 0.75391 0.87598 0.048281 0.048281
1 0.78516 0.87988 0.048281 0.048281
1 0.75977 0.79199 0.048281 0.048281
1 0.7373 0.75586 0.048281 0.048281
1 0.68652 0.83301 0.048281 0.048281
1 0.66602 0.74414 0.048281 0.048281
1 0.69727 0.74414 0.048281 0.048281
1 0.70605 0.71582 0.048281 0.048281
1 0.62012 0.64551 0.048281 0.048281
1 0.61719 0.66602 0.048281 0.048281
1 0.6416 0.70313 0.048281 0.048281
1 0.68164 0.6543 0.048281 0.048281
1 0.70898 0.63184 0.048281 0.048281
1 0.67969 0.58398 0.048281 0.048281
1 0.66602 0.61328 0.048281 0.048281
1 0.64355 0.57031 0.048281 0.048281
1 0.6582 0.4834 0.048281 0.048281
1 0.68066 0.44727 0.048281 0.048281
1 0.58984 0.50586 0.048281 0.048281
1 0.57227 0.43945 0.048281 0.048281
1 0.60449 0.4375 0.048281 0.048281
1 0.57031 0.38086 0.048281 0.048281
1 0.58008 0.18164 0.048281 0.048281
1 0.51074 0.20898 0.048281 0.048281
1 0.41309 0.12109 0.048281 0.048281
1 0.36816 0.11523 0.048281 0.048281
1 0.45898 0.1543 0.048281 0.048281
1 0.52441 0.1582 0.048281 0.048281
1 0.27734 0.19727 0.048281 0.048281
1 0.24902 0.12695 0.048281 0.048281
1 0.2002 0.15332 0.048281 0.048281
1 0.16016 0.043945 0.048281 0.048281
1 0.13867 0.18262 0.048281 0.048281
1 0.12109 0.069336 0.048281 0.048281
1 0.10352 0.053711 0.048281 0.048281
1 0.095703 0.083984 0.048281 0.048281
1 0.064453 0.071289 0.048281 0.048281
1 0.051758 0.09082 0.048281 0.048281
1 0.22949 0.088867 0.048281 0.048281
1 0.64746 0.3252 0.048281 0.048281
1 0.64746 0.36426 0.048281 0.048281
1 0.67188 0.77539 0.048281 0.048281
