1 0.30469 0.042969 0.052651 0.052651
1 0.41016 0.026367 0.052651 0.052651
1 0.36816 0.043945 0.052651 0.052651
1 0.33398 0.20215 0.052651 0.052651
1 0.44434 0.25879 0.052651 0.052651
1 0.45801 0.29395 0.052651 0.052651
1 0.50293 0.27734 0.052651 0.052651
1 0.43262 0.31738 0.052651 0.052651
1 0.49902 0.33984 0.052651 0.052651
1 0.47559 0.36035 0.052651 0.052651
1 0.49609 0.43359 0.052651 0.052651
1 0.42773 0.42188 0.052651 0.052651
1 0.47656 0.49121 0.052651 0.052651
1 0.4248 0.53516 0.052651 0.052651
1 0.47363 0.57129 0.052651 0.052651
1 0.41309 0.63281 0.052651 0.052651
1 0.44922 0.61035 0.052651 0.052651
1 0.46387 0.65332 0.052651 0.052651
1 0.48242 0.71582 0.052651 0.052651
1 0.43457 0.66504 0.052651 0.052651
1 0.55566 0.77246 0.052651 0.052651
1 0.69336 0.96094 0.052651 0.052651
