1 0.85254 0.7666 0.048281 0.048281
1 0.8291 0.82813 0.048281 0.048281
1 0.75977 0.73535 0.048281 0.048281
1 0.78223 0.7207 0.048281 0.048281
1 0.83301 0.71387 0.048281 0.048281
1 0.8457 0.68848 0.048281 0.048281
1 0.80664 0.64258 0.048281 0.048281
1 0.81641 0.67383 0.048281 0.048281
1 0.79688 0.68359 0.048281 0.048281
1 0.8125 0.73242 0.048281 0.048281
1 0.71484 0.60938 0.048281 0.048281
1 0.74805 0.54492 0.048281 0.048281
1 0.75488 0.51758 0.048281 0.048281
1 0.74219 0.44434 0.048281 0.048281
1 0.78906 0.44531 0.048281 0.048281
1 0.81348 0.41504 0.048281 0.048281
1 0.7666 0.39063 0.048281 0.048281
1 0.76563 0.37305 0.048281 0.048281
1 0.75195 0.34473 0.048281 0.048281
1 0.72461 0.34082 0.048281 0.048281
1 0.79395 0.36133 0.048281 0.048281
1 0.79785 0.33008 0.048281 0.048281
1 0.76074 0.25684 0.048281 0.048281
1 0.76367 0.21387 0.048281 0.048281
1 0.76953 0.15918 0.048281 0.048281
1 0.83203 0.16211 0.048281 0.048281
1 0.78516 0.17383 0.048281 0.048281
1 0.7959 0.14355 0.048281 0.048281
1 0.80078 0.12109 0.048281 0.048281
1 0.84473 0.083008 0.048281 0.048281
1 0.80859 0.046875 0.048281 0.048281
1 0.7627 0.032227 0.048281 0.048281
1 0.77734 0.016602 0.048281 0.048281
1 0.79102 0.90625 0.048281 0.048281
1 0.76758 0.93457 0.048281 0.048281
1 0.72656 0.96973 0.048281 0.048281
1 0.72949 0.87305 0.048281 0.048281
1 0.69922 0.93848 0.048281 0.048281
1 0.64355 0.95898 0.048281 0.048281
1 0.5957 0.90527 0.048281 0.048281
1 0.57227 0.92871 0.048281 0.048281
1 0.5918 0.87305 0.048281 0.048281
1 0.55469 0.87402 0.048281 0.048281
1 0.48535 0.90234 0.048281 0.048281
1 0.42676 0.85938 0.048281 0.048281
1 0.4375 0.79785 0.048281 0.048281
1 0.47461 0.79102 0.048281 0.048281
1 0.47656 0.73535 0.048281 0.048281
1 0.51172 0.77246 0.048281 0.048281
1 0.51855 0.80176 0.048281 0.048281
1 0.56445 0.7959 0.048281 0.048281
1 0.58301 0.80371 0.048281 0.048281
1 0.36621 0.62109 0.048281 0.048281
1 0.44531 0.5752 0.048281 0.048281
1 0.41992 0.56152 0.048281 0.048281
1 0.3291 0.56348 0.048281 0.048281
1 0.34082 0.49316 0.048281 0.048281
1 0.28418 0.51953 0.048281 0.048281
1 0.25293 0.48242 0.048281 0.048281
1 0.29004 0.47559 0.048281 0.048281
1 0.32227 0.41406 0.048281 0.048281
1 0.30566 0.45117 0.048281 0.048281
1 0.27832 0.4248 0.048281 0.048281
1 0.26172 0.38965 0.048281 0.048281
1 0.23535 0.42871 0.048281 0.048281
1 0.18359 0.43262 0.048281 0.048281
1 0.18555 0.38379 0.048281 0.048281
1 0.21973 0.36328 0.048281 0.048281
1 0.20215 0.3125 0.048281 0.048281
1 0.24707 0.25781 0.048281 0.048281
1 0.075195 0.29004 0.048281 0.048281
1 0.36816 0.5332 0.048281 0.048281
1 0.10742 0.080078 0.048281 0.048281
1 0.1416 0.25781 0.048281 0.048281
1 0.11523 0.26074 0.048281 0.048281
1 0.064453 0.2002 0.048281 0.048281
1 0.023438 0.21875 0.048281 0.048281
