1 0.85645 0.41309 0.043854 0.043854
1 0.82129 0.49512 0.043854 0.043854
1 0.78125 0.5 0.043854 0.043854
1 0.74121 0.5166 0.043854 0.043854
1 0.74121 0.4541 0.043854 0.043854
1 0.64355 0.50684 0.043854 0.043854
1 0.65723 0.43652 0.043854 0.043854
1 0.47852 0.45801 0.043854 0.043854
1 0.50293 0.41113 0.043854 0.043854
1 0.55566 0.44434 0.043854 0.043854
1 0.4541 0.43262 0.043854 0.043854
1 0.37988 0.43457 0.043854 0.043854
1 0.50781 0.5 0.043854 0.043854
1 0.3457 0.45117 0.043854 0.043854
1 0.27637 0.45703 0.043854 0.043854
1 0.23828 0.53223 0.043854 0.043854
1 0.1416 0.58691 0.043854 0.043854
1 0.082031 0.64746 0.043854 0.043854
