1 0.020508 0.14941 0.052604 0.052604
1 0.068359 0.14746 0.052604 0.052604
1 0.14453 0.25684 0.052604 0.052604
1 0.2373 0.33496 0.052604 0.052604
1 0.3252 0.32129 0.052604 0.052604
1 0.37598 0.35254 0.052604 0.052604
1 0.46289 0.49805 0.052604 0.052604
1 0.49805 0.47559 0.052604 0.052604
1 0.57031 0.58887 0.052604 0.052604
1 0.63574 0.58398 0.052604 0.052604
1 0.66504 0.60059 0.052604 0.052604
1 0.76074 0.70117 0.052604 0.052604
1 0.81152 0.79199 0.052604 0.052604
1 0.90039 0.85352 0.052604 0.052604
1 0.88867 0.90332 0.052604 0.052604
1 0.90137 0.93555 0.052604 0.052604
1 0.92773 0.92188 0.052604 0.052604
1 0.87695 0.80469 0.052604 0.052604
