1 0.59766 0.069336 0.052651 0.052651
1 0.59375 0.10742 0.052651 0.052651
1 0.66602 0.14648 0.052651 0.052651
1 0.56738 0.16016 0.052651 0.052651
1 0.53027 0.1377 0.052651 0.052651
1 0.53125 0.2207 0.052651 0.052651
1 0.50781 0.34277 0.052651 0.052651
1 0.53809 0.39063 0.052651 0.052651
1 0.5625 0.42676 0.052651 0.052651
1 0.54297 0.44922 0.052651 0.052651
1 0.45605 0.36523 0.052651 0.052651
1 0.44043 0.4082 0.052651 0.052651
1 0.51953 0.48047 0.052651 0.052651
1 0.51465 0.58203 0.052651 0.052651
1 0.46387 0.66895 0.052651 0.052651
1 0.41211 0.73438 0.052651 0.052651
1 0.36621 0.68359 0.052651 0.052651
1 0.36523 0.60254 0.052651 0.052651
1 0.31348 0.75781 0.052651 0.052651
1 0.30762 0.80957 0.052651 0.052651
1 0.38281 0.85156 0.052651 0.052651
1 0.33691 0.93457 0.052651 0.052651
1 0.24707 0.93164 0.052651 0.052651
