1 0.1416 0.88574 0.052656 0.052656
1 0.18262 0.87109 0.052656 0.052656
1 0.067383 0.74316 0.052656 0.052656
1 0.09082 0.77832 0.052656 0.052656
1 0.14941 0.74609 0.052656 0.052656
1 0.21289 0.8125 0.052656 0.052656
1 0.24707 0.77441 0.052656 0.052656
1 0.28809 0.7207 0.052656 0.052656
1 0.24121 0.62695 0.052656 0.052656
1 0.27148 0.6123 0.052656 0.052656
1 0.36816 0.69141 0.052656 0.052656
1 0.27832 0.57129 0.052656 0.052656
1 0.45605 0.60156 0.052656 0.052656
1 0.62012 0.55273 0.052656 0.052656
1 0.65137 0.54297 0.052656 0.052656
1 0.67676 0.51953 0.052656 0.052656
1 0.61426 0.5 0.052656 0.052656
1 0.63672 0.45898 0.052656 0.052656
1 0.66895 0.4375 0.052656 0.052656
1 0.70313 0.47168 0.052656 0.052656
1 0.7168 0.41406 0.052656 0.052656
1 0.77051 0.45801 0.052656 0.052656
1 0.76074 0.38477 0.052656 0.052656
1 0.92285 0.27344 0.052656 0.052656
1 0.94531 0.19531 0.052656 0.052656
1 0.55176 0.4502 0.052656 0.052656
1 0.49707 0.44043 0.052656 0.052656
1 0.43848 0.38867 0.052656 0.052656
1 0.4707 0.35352 0.052656 0.052656
1 0.57422 0.34766 0.052656 0.052656
1 0.63281 0.24707 0.052656 0.052656
