1 0.060547 0.55273 0.048281 0.048281
1 0.09375 0.49219 0.048281 0.048281
1 0.13281 0.51953 0.048281 0.048281
1 0.22852 0.51563 0.048281 0.048281
1 0.28906 0.56445 0.048281 0.048281
1 0.21875 0.55078 0.048281 0.048281
1 0.29492 0.52344 0.048281 0.048281
1 0.36133 0.47852 0.048281 0.048281
1 0.39844 0.51367 0.048281 0.048281
1 0.35742 0.57617 0.048281 0.048281
1 0.48047 0.62891 0.048281 0.048281
1 0.50586 0.59961 0.048281 0.048281
1 0.51953 0.54297 0.048281 0.048281
1 0.63672 0.57422 0.048281 0.048281
1 0.64648 0.625 0.048281 0.048281
1 0.67773 0.54883 0.048281 0.048281
1 0.78711 0.62109 0.048281 0.048281
1 0.84961 0.54102 0.048281 0.048281
1 0.83984 0.59766 0.048281 0.048281
1 0.92383 0.5625 0.048281 0.048281
1 0.052734 0.47266 0.048281 0.048281
1 0.80664 0.51953 0.048281 0.048281
1 0.98047 0.54883 0.048281 0.048281
1 0.19922 0.53125 0.048281 0.048281
