1 0.85156 0.91992 0.052604 0.052604
1 0.93359 0.85938 0.052604 0.052604
1 0.89063 0.81836 0.052604 0.052604
1 0.84766 0.73438 0.052604 0.052604
1 0.83594 0.69727 0.052604 0.052604
1 0.76563 0.58594 0.052604 0.052604
1 0.77148 0.64844 0.052604 0.052604
1 0.66797 0.6543 0.052604 0.052604
1 0.62695 0.59961 0.052604 0.052604
1 0.50391 0.36523 0.052604 0.052604
1 0.35156 0.34766 0.052604 0.052604
1 0.27148 0.32422 0.052604 0.052604
1 0.22852 0.29688 0.052604 0.052604
1 0.14453 0.24023 0.052604 0.052604
1 0.099609 0.052734 0.052604 0.052604
1 0.76172 0.74219 0.052604 0.052604
1 0.64844 0.63281 0.052604 0.052604
1 0.32031 0.30469 0.052604 0.052604
