1 0.066406 0.20801 0.043854 0.043854
1 0.12988 0.19922 0.043854 0.043854
1 0.03418 0.28027 0.043854 0.043854
1 0.049805 0.26172 0.043854 0.043854
1 0.078125 0.29785 0.043854 0.043854
1 0.16992 0.24512 0.043854 0.043854
1 0.16895 0.35645 0.043854 0.043854
1 0.19922 0.29492 0.043854 0.043854
1 0.2373 0.31641 0.043854 0.043854
1 0.2207 0.36035 0.043854 0.043854
1 0.24805 0.27148 0.043854 0.043854
1 0.28711 0.33691 0.043854 0.043854
1 0.33203 0.34473 0.043854 0.043854
1 0.28906 0.41602 0.043854 0.043854
1 0.30859 0.44629 0.043854 0.043854
1 0.40039 0.43555 0.043854 0.043854
1 0.36426 0.48145 0.043854 0.043854
1 0.55273 0.53809 0.043854 0.043854
1 0.49805 0.60938 0.043854 0.043854
1 0.52832 0.66895 0.043854 0.043854
1 0.69141 0.70703 0.043854 0.043854
1 0.7627 0.70215 0.043854 0.043854
1 0.76172 0.76172 0.043854 0.043854
1 0.82129 0.7666 0.043854 0.043854
1 0.89258 0.83496 0.043854 0.043854
1 0.92676 0.87305 0.043854 0.043854
1 0.95996 0.83984 0.043854 0.043854
1 0.94531 0.91504 0.043854 0.043854
1 0.32813 0.54102 0.043854 0.043854
1 0.54199 0.62207 0.043854 0.043854
