1 0.17871 0.77637 0.052604 0.052604
1 0.10742 0.79785 0.052604 0.052604
1 0.17383 0.70605 0.052604 0.052604
1 0.09375 0.66895 0.052604 0.052604
1 0.15527 0.64355 0.052604 0.052604
1 0.09375 0.70508 0.052604 0.052604
1 0.088867 0.72656 0.052604 0.052604
1 0.2627 0.81055 0.052604 0.052604
1 0.30078 0.84766 0.052604 0.052604
1 0.35938 0.79785 0.052604 0.052604
1 0.42383 0.73145 0.052604 0.052604
1 0.45703 0.71387 0.052604 0.052604
1 0.46094 0.6748 0.052604 0.052604
1 0.4209 0.58691 0.052604 0.052604
1 0.51074 0.6377 0.052604 0.052604
1 0.58496 0.58984 0.052604 0.052604
1 0.62891 0.26465 0.052604 0.052604
1 0.63672 0.43262 0.052604 0.052604
1 0.74121 0.26758 0.052604 0.052604
1 0.66406 0.21582 0.052604 0.052604
1 0.7002 0.19141 0.052604 0.052604
1 0.75781 0.21387 0.052604 0.052604
1 0.72656 0.099609 0.052604 0.052604
1 0.88086 0.039063 0.052604 0.052604
1 0.79297 0.032227 0.052604 0.052604
1 0.62012 0.29785 0.052604 0.052604
1 0.36328 0.68848 0.052604 0.052604
