1 0.044922 0.68262 0.052604 0.052604
1 0.10352 0.6377 0.052604 0.052604
1 0.094727 0.56543 0.052604 0.052604
1 0.1416 0.54688 0.052604 0.052604
1 0.25195 0.51074 0.052604 0.052604
1 0.31348 0.50195 0.052604 0.052604
1 0.38281 0.48633 0.052604 0.052604
1 0.40234 0.44922 0.052604 0.052604
1 0.55176 0.5332 0.052604 0.052604
1 0.67188 0.48828 0.052604 0.052604
1 0.71777 0.38574 0.052604 0.052604
1 0.69922 0.42871 0.052604 0.052604
1 0.87988 0.43555 0.052604 0.052604
1 0.9082 0.4248 0.052604 0.052604
1 0.90527 0.33789 0.052604 0.052604
1 0.7627 0.41504 0.052604 0.052604
1 0.70508 0.47754 0.052604 0.052604
1 0.5332 0.41602 0.052604 0.052604
1 0.41992 0.59277 0.052604 0.052604
1 0.33398 0.46973 0.052604 0.052604
