1 0.88965 0.81738 0.052604 0.052604
1 0.76953 0.74414 0.052604 0.052604
1 0.85742 0.68066 0.052604 0.052604
1 0.5625 0.52539 0.052604 0.052604
1 0.48438 0.46582 0.052604 0.052604
1 0.42773 0.44238 0.052604 0.052604
1 0.39258 0.39453 0.052604 0.052604
1 0.39551 0.18457 0.052604 0.052604
1 0.40039 0.13379 0.052604 0.052604
1 0.31543 0.41699 0.052604 0.052604
1 0.30957 0.24805 0.052604 0.052604
1 0.53223 0.41406 0.052604 0.052604
1 0.58105 0.45996 0.052604 0.052604
1 0.75977 0.86035 0.052604 0.052604
1 0.7002 0.79688 0.052604 0.052604
1 0.59473 0.80762 0.052604 0.052604
1 0.61035 0.90332 0.052604 0.052604
1 0.32129 0.81055 0.052604 0.052604
1 0.3125 0.7207 0.052604 0.052604
1 0.25879 0.72461 0.052604 0.052604
1 0.20801 0.73926 0.052604 0.052604
1 0.18555 0.81738 0.052604 0.052604
