1 0.060547 0.71582 0.052604 0.052604
1 0.11914 0.6709 0.052604 0.052604
1 0.11035 0.59863 0.052604 0.052604
1 0.15723 0.58008 0.052604 0.052604
1 0.26758 0.54395 0.052604 0.052604
1 0.3291 0.53516 0.052604 0.052604
1 0.39844 0.51953 0.052604 0.052604
1 0.41797 0.48242 0.052604 0.052604
1 0.56738 0.56641 0.052604 0.052604
1 0.6875 0.52148 0.052604 0.052604
1 0.7334 0.41895 0.052604 0.052604
1 0.71484 0.46191 0.052604 0.052604
1 0.89551 0.46875 0.052604 0.052604
1 0.92383 0.45801 0.052604 0.052604
1 0.9209 0.37109 0.052604 0.052604
1 0.77832 0.44824 0.052604 0.052604
1 0.7207 0.51074 0.052604 0.052604
1 0.54883 0.44922 0.052604 0.052604
1 0.43555 0.62598 0.052604 0.052604
1 0.34961 0.50293 0.052604 0.052604
