1 0.86133 0.064453 0.087708 0.087708
1 0.83203 0.089844 0.087708 0.087708
1 0.85352 0.11914 0.087708 0.087708
1 0.86719 0.023438 0.087708 0.087708
1 0.75586 0.10742 0.087708 0.087708
1 0.79492 0.13672 0.087708 0.087708
1 0.78516 0.1875 0.087708 0.087708
1 0.72656 0.14258 0.087708 0.087708
1 0.70313 0.2168 0.087708 0.087708
1 0.70898 0.27539 0.087708 0.087708
1 0.57617 0.25195 0.087708 0.087708
1 0.51172 0.27344 0.087708 0.087708
1 0.44727 0.31445 0.087708 0.087708
1 0.49219 0.33789 0.087708 0.087708
1 0.36328 0.37891 0.087708 0.087708
1 0.34375 0.42383 0.087708 0.087708
1 0.44141 0.43555 0.087708 0.087708
1 0.46094 0.39648 0.087708 0.087708
1 0.36719 0.50195 0.087708 0.087708
1 0.375 0.58008 0.087708 0.087708
1 0.42578 0.57031 0.087708 0.087708
1 0.39258 0.62891 0.087708 0.087708
1 0.44336 0.64063 0.087708 0.087708
1 0.45508 0.69922 0.087708 0.087708
1 0.41016 0.67969 0.087708 0.087708
1 0.39063 0.80859 0.087708 0.087708
1 0.43555 0.76172 0.087708 0.087708
1 0.42578 0.86914 0.087708 0.087708
1 0.35547 0.83203 0.087708 0.087708
1 0.35156 0.88672 0.087708 0.087708
1 0.35352 0.93945 0.087708 0.087708
1 0.57227 0.30078 0.087708 0.087708
