1 0.14453 0.98633 0.052604 0.052604
1 0.18164 0.9668 0.052604 0.052604
1 0.24023 0.99023 0.052604 0.052604
1 0.20313 0.875 0.052604 0.052604
1 0.35742 0.81641 0.052604 0.052604
1 0.28906 0.83789 0.052604 0.052604
1 0.36133 0.60547 0.052604 0.052604
1 0.36719 0.54688 0.052604 0.052604
1 0.38672 0.80859 0.052604 0.052604
1 0.52148 0.55664 0.052604 0.052604
1 0.61523 0.48438 0.052604 0.052604
1 0.58398 0.36719 0.052604 0.052604
1 0.64258 0.3457 0.052604 0.052604
1 0.64844 0.4082 0.052604 0.052604
1 0.68945 0.28516 0.052604 0.052604
1 0.78711 0.25586 0.052604 0.052604
1 0.79492 0.20703 0.052604 0.052604
1 0.26758 0.8125 0.052604 0.052604
