1 0.73633 0.83594 0.096562 0.096562
1 0.74023 0.78711 0.096562 0.096562
1 0.71875 0.71094 0.096562 0.096562
1 0.80273 0.68164 0.096562 0.096562
1 0.81445 0.64258 0.096562 0.096562
1 0.73633 0.5918 0.096562 0.096562
1 0.7793 0.58008 0.096562 0.096562
1 0.83008 0.55273 0.096562 0.096562
1 0.67969 0.77539 0.096562 0.096562
1 0.70508 0.74805 0.096562 0.096562
1 0.70117 0.80078 0.096562 0.096562
1 0.82617 0.48047 0.096562 0.096562
1 0.82617 0.39258 0.096562 0.096562
1 0.88672 0.34375 0.096562 0.096562
1 0.83008 0.30664 0.096562 0.096562
1 0.80273 0.26563 0.096562 0.096562
1 0.89063 0.29883 0.096562 0.096562
1 0.69336 0.4043 0.096562 0.096562
1 0.7168 0.33203 0.096562 0.096562
1 0.67969 0.30469 0.096562 0.096562
1 0.60938 0.33398 0.096562 0.096562
1 0.58203 0.27344 0.096562 0.096562
1 0.53516 0.21094 0.096562 0.096562
1 0.52734 0.085938 0.096562 0.096562
1 0.57227 0.013672 0.096562 0.096562
1 0.59766 0.039063 0.096562 0.096562
1 0.60156 0.12891 0.096562 0.096562
1 0.74414 0.48242 0.096562 0.096562
1 0.66602 0.98047 0.096562 0.096562
1 0.61914 0.94727 0.096562 0.096562
1 0.64844 0.85938 0.096562 0.096562
1 0.55859 0.88281 0.096562 0.096562
1 0.51953 0.79688 0.096562 0.096562
1 0.46484 0.72656 0.096562 0.096562
1 0.55273 0.67383 0.096562 0.096562
1 0.52344 0.66016 0.096562 0.096562
1 0.49609 0.58789 0.096562 0.096562
1 0.4668 0.60156 0.096562 0.096562
1 0.45508 0.63086 0.096562 0.096562
1 0.41992 0.60938 0.096562 0.096562
1 0.45703 0.54883 0.096562 0.096562
1 0.41211 0.50586 0.096562 0.096562
1 0.36133 0.52734 0.096562 0.096562
1 0.3457 0.47266 0.096562 0.096562
1 0.31641 0.42969 0.096562 0.096562
1 0.22656 0.46875 0.096562 0.096562
1 0.13672 0.40625 0.096562 0.096562
1 0.097656 0.39648 0.096562 0.096562
