1 0.69922 0.67188 0.052187 0.052187
1 0.67969 0.5918 0.052187 0.052187
1 0.63477 0.61328 0.052187 0.052187
1 0.71094 0.49219 0.052187 0.052187
1 0.61133 0.53906 0.052187 0.052187
1 0.73047 0.39844 0.052187 0.052187
1 0.63672 0.44336 0.052187 0.052187
1 0.59961 0.43945 0.052187 0.052187
1 0.55859 0.49805 0.052187 0.052187
1 0.40234 0.45605 0.052187 0.052187
1 0.40137 0.37598 0.052187 0.052187
1 0.4043 0.32715 0.052187 0.052187
1 0.27637 0.39648 0.052187 0.052187
1 0.24512 0.38965 0.052187 0.052187
1 0.13281 0.34473 0.052187 0.052187
1 0.12109 0.30957 0.052187 0.052187
1 0.083984 0.15234 0.052187 0.052187
1 0.48926 0.41016 0.052187 0.052187
1 0.85547 0.10156 0.052187 0.052187
1 0.75586 0.11035 0.052187 0.052187
