1 0.2666 0.8252 0.052604 0.052604
1 0.33691 0.67188 0.052604 0.052604
1 0.3125 0.65137 0.052604 0.052604
1 0.31445 0.61133 0.052604 0.052604
1 0.20313 0.62598 0.052604 0.052604
1 0.1709 0.55762 0.052604 0.052604
1 0.2002 0.40137 0.052604 0.052604
1 0.14746 0.35059 0.052604 0.052604
1 0.12109 0.15918 0.052604 0.052604
1 0.22266 0.49023 0.052604 0.052604
1 0.38965 0.79492 0.052604 0.052604
1 0.53711 0.71289 0.052604 0.052604
1 0.52637 0.67773 0.052604 0.052604
1 0.57227 0.55273 0.052604 0.052604
1 0.49902 0.55762 0.052604 0.052604
1 0.5 0.46973 0.052604 0.052604
1 0.49805 0.44238 0.052604 0.052604
1 0.57715 0.37402 0.052604 0.052604
1 0.65625 0.25 0.052604 0.052604
1 0.75195 0.28418 0.052604 0.052604
1 0.74512 0.13574 0.052604 0.052604
1 0.875 0.19824 0.052604 0.052604
1 0.8457 0.12891 0.052604 0.052604
1 0.48633 0.77246 0.052604 0.052604
1 0.43359 0.66211 0.052604 0.052604
