1 0.93066 0.7373 0.052604 0.052604
1 0.80859 0.66602 0.052604 0.052604
1 0.89648 0.60254 0.052604 0.052604
1 0.60156 0.44727 0.052604 0.052604
1 0.52539 0.38574 0.052604 0.052604
1 0.47266 0.3584 0.052604 0.052604
1 0.43164 0.31641 0.052604 0.052604
1 0.43457 0.10645 0.052604 0.052604
1 0.43945 0.055664 0.052604 0.052604
1 0.35449 0.33887 0.052604 0.052604
1 0.34863 0.16992 0.052604 0.052604
1 0.57129 0.33594 0.052604 0.052604
1 0.62012 0.38184 0.052604 0.052604
1 0.79883 0.78223 0.052604 0.052604
1 0.73926 0.71875 0.052604 0.052604
1 0.63379 0.72949 0.052604 0.052604
1 0.64941 0.8252 0.052604 0.052604
1 0.36035 0.73242 0.052604 0.052604
1 0.35156 0.64258 0.052604 0.052604
1 0.29785 0.64648 0.052604 0.052604
1 0.24707 0.66113 0.052604 0.052604
1 0.22461 0.73926 0.052604 0.052604
