1 0.96973 0.875 0.043854 0.043854
1 0.94238 0.83008 0.043854 0.043854
1 0.91504 0.81055 0.043854 0.043854
1 0.8916 0.7666 0.043854 0.043854
1 0.9082 0.79004 0.043854 0.043854
1 0.83398 0.75195 0.043854 0.043854
1 0.80762 0.7168 0.043854 0.043854
1 0.86719 0.63867 0.043854 0.043854
1 0.80566 0.6543 0.043854 0.043854
1 0.78223 0.64941 0.043854 0.043854
1 0.80273 0.57227 0.043854 0.043854
1 0.82227 0.55664 0.043854 0.043854
1 0.75488 0.49023 0.043854 0.043854
1 0.70703 0.50391 0.043854 0.043854
1 0.72754 0.44824 0.043854 0.043854
1 0.65039 0.43164 0.043854 0.043854
1 0.66016 0.32617 0.043854 0.043854
1 0.6416 0.24805 0.043854 0.043854
1 0.56738 0.1709 0.043854 0.043854
1 0.52539 0.041992 0.043854 0.043854
1 0.51367 0.094727 0.043854 0.043854
1 0.5332 0.13672 0.043854 0.043854
1 0.60352 0.30371 0.043854 0.043854
1 0.54395 0.22852 0.043854 0.043854
1 0.88672 0.85352 0.043854 0.043854
1 0.84863 0.85254 0.043854 0.043854
1 0.80176 0.87012 0.043854 0.043854
1 0.77832 0.89258 0.043854 0.043854
1 0.80859 0.93848 0.043854 0.043854
1 0.73828 0.93066 0.043854 0.043854
1 0.69336 0.91113 0.043854 0.043854
1 0.66699 0.85742 0.043854 0.043854
1 0.62109 0.88379 0.043854 0.043854
1 0.58203 0.81445 0.043854 0.043854
1 0.58008 0.78223 0.043854 0.043854
1 0.60352 0.79102 0.043854 0.043854
1 0.50098 0.79785 0.043854 0.043854
1 0.50879 0.83691 0.043854 0.043854
1 0.45801 0.7832 0.043854 0.043854
1 0.37598 0.78125 0.043854 0.043854
1 0.35938 0.82324 0.043854 0.043854
1 0.33105 0.73242 0.043854 0.043854
1 0.26758 0.77051 0.043854 0.043854
1 0.25391 0.68945 0.043854 0.043854
1 0.23145 0.68066 0.043854 0.043854
1 0.20117 0.68066 0.043854 0.043854
1 0.19824 0.75684 0.043854 0.043854
1 0.16699 0.73535 0.043854 0.043854
1 0.11426 0.71387 0.043854 0.043854
1 0.12305 0.67773 0.043854 0.043854
1 0.063477 0.70898 0.043854 0.043854
1 0.067383 0.65723 0.043854 0.043854
1 0.036133 0.6748 0.043854 0.043854
1 0.063477 0.68262 0.043854 0.043854
1 0.5166 0.75684 0.043854 0.043854
1 0.41211 0.76172 0.043854 0.043854
1 0.43457 0.73633 0.043854 0.043854
1 0.43848 0.70215 0.043854 0.043854
1 0.46191 0.71289 0.043854 0.043854
1 0.39063 0.6748 0.043854 0.043854
1 0.37109 0.74414 0.043854 0.043854
1 0.29004 0.70117 0.043854 0.043854
1 0.32813 0.6748 0.043854 0.043854
1 0.27832 0.5957 0.043854 0.043854
1 0.25391 0.60547 0.043854 0.043854
1 0.22461 0.6123 0.043854 0.043854
1 0.25488 0.64355 0.043854 0.043854
1 0.23047 0.56934 0.043854 0.043854
1 0.22363 0.53516 0.043854 0.043854
1 0.25684 0.52344 0.043854 0.043854
1 0.21484 0.49414 0.043854 0.043854
1 0.14063 0.54102 0.043854 0.043854
1 0.13379 0.5 0.043854 0.043854
1 0.17773 0.53223 0.043854 0.043854
1 0.072266 0.39453 0.043854 0.043854
1 0.020508 0.37207 0.043854 0.043854
1 0.013672 0.40527 0.043854 0.043854
1 0.039063 0.43066 0.043854 0.043854
1 0.076172 0.49121 0.043854 0.043854
1 0.33301 0.64648 0.043854 0.043854
