1 0.11621 0.36621 0.043854 0.043854
1 0.14551 0.40723 0.043854 0.043854
1 0.16992 0.40039 0.043854 0.043854
1 0.12988 0.45215 0.043854 0.043854
1 0.19336 0.39355 0.043854 0.043854
1 0.21289 0.38965 0.043854 0.043854
1 0.24609 0.36621 0.043854 0.043854
1 0.27441 0.38965 0.043854 0.043854
1 0.3291 0.33398 0.043854 0.043854
1 0.18066 0.49805 0.043854 0.043854
1 0.48145 0.45117 0.043854 0.043854
1 0.43945 0.44727 0.043854 0.043854
1 0.53125 0.52246 0.043854 0.043854
1 0.59668 0.53809 0.043854 0.043854
1 0.6416 0.54492 0.043854 0.043854
1 0.69727 0.54199 0.043854 0.043854
1 0.69141 0.50098 0.043854 0.043854
1 0.71094 0.45996 0.043854 0.043854
1 0.6709 0.45703 0.043854 0.043854
1 0.89258 0.4834 0.043854 0.043854
1 0.95898 0.49707 0.043854 0.043854
1 0.91699 0.61133 0.043854 0.043854
1 0.86328 0.58594 0.043854 0.043854
1 0.88086 0.56152 0.043854 0.043854
1 0.92773 0.59082 0.043854 0.043854
1 0.94531 0.61426 0.043854 0.043854
1 0.6084 0.49805 0.043854 0.043854
1 0.079102 0.42188 0.043854 0.043854
