1 0.65039 0.75293 0.052604 0.052604
1 0.70605 0.75 0.052604 0.052604
1 0.65918 0.62598 0.052604 0.052604
1 0.67188 0.44043 0.052604 0.052604
1 0.57617 0.43848 0.052604 0.052604
1 0.5791 0.33594 0.052604 0.052604
1 0.62402 0.33496 0.052604 0.052604
1 0.66309 0.22559 0.052604 0.052604
1 0.5957 0.15723 0.052604 0.052604
1 0.69824 0.1084 0.052604 0.052604
1 0.58789 0.75781 0.052604 0.052604
1 0.51855 0.78027 0.052604 0.052604
1 0.47266 0.7207 0.052604 0.052604
1 0.52539 0.60156 0.052604 0.052604
1 0.4375 0.65039 0.052604 0.052604
1 0.42285 0.58496 0.052604 0.052604
1 0.37402 0.41992 0.052604 0.052604
1 0.41406 0.3584 0.052604 0.052604
1 0.39746 0.32715 0.052604 0.052604
1 0.28809 0.29297 0.052604 0.052604
1 0.35449 0.24316 0.052604 0.052604
1 0.26465 0.21289 0.052604 0.052604
1 0.24707 0.15039 0.052604 0.052604
1 0.31934 0.16699 0.052604 0.052604
1 0.29004 0.043945 0.052604 0.052604
1 0.2793 0.11816 0.052604 0.052604
1 0.49707 0.68848 0.052604 0.052604
1 0.29883 0.33105 0.052604 0.052604
1 0.31738 0.36621 0.052604 0.052604
