1 0.53125 0.41406 0.052187 0.052187
1 0.47656 0.45996 0.052187 0.052187
1 0.5166 0.52441 0.052187 0.052187
1 0.44922 0.51855 0.052187 0.052187
1 0.3584 0.58691 0.052187 0.052187
1 0.40039 0.625 0.052187 0.052187
1 0.35254 0.55664 0.052187 0.052187
1 0.63184 0.52734 0.052187 0.052187
1 0.59766 0.1748 0.052187 0.052187
1 0.4248 0.13086 0.052187 0.052187
1 0.16211 0.69043 0.052187 0.052187
1 0.20313 0.67383 0.052187 0.052187
1 0.78809 0.84668 0.052187 0.052187
1 0.80176 0.89355 0.052187 0.052187
1 0.86523 0.76465 0.052187 0.052187
1 0.84766 0.71582 0.052187 0.052187
1 0.90137 0.078125 0.052187 0.052187
