1 0.97656 0.24609 0.087708 0.087708
1 0.96875 0.36133 0.087708 0.087708
1 0.94336 0.32617 0.087708 0.087708
1 0.92578 0.28711 0.087708 0.087708
1 0.90039 0.22461 0.087708 0.087708
1 0.82031 0.20117 0.087708 0.087708
1 0.87305 0.28711 0.087708 0.087708
1 0.86914 0.14453 0.087708 0.087708
1 0.83398 0.32813 0.087708 0.087708
1 0.76172 0.38867 0.087708 0.087708
1 0.72656 0.40234 0.087708 0.087708
1 0.70313 0.37109 0.087708 0.087708
1 0.74805 0.34375 0.087708 0.087708
1 0.80469 0.3418 0.087708 0.087708
1 0.78711 0.29102 0.087708 0.087708
1 0.61523 0.41406 0.087708 0.087708
1 0.66406 0.42969 0.087708 0.087708
1 0.64258 0.5293 0.087708 0.087708
1 0.5957 0.55469 0.087708 0.087708
1 0.61133 0.4707 0.087708 0.087708
1 0.58398 0.48828 0.087708 0.087708
1 0.55469 0.52734 0.087708 0.087708
1 0.51953 0.55859 0.087708 0.087708
1 0.52734 0.51367 0.087708 0.087708
1 0.44531 0.57422 0.087708 0.087708
1 0.4668 0.63086 0.087708 0.087708
1 0.43945 0.61328 0.087708 0.087708
1 0.40234 0.57031 0.087708 0.087708
1 0.39844 0.66406 0.087708 0.087708
1 0.32617 0.66992 0.087708 0.087708
1 0.33594 0.59961 0.087708 0.087708
1 0.3457 0.69922 0.087708 0.087708
1 0.31055 0.7168 0.087708 0.087708
1 0.28906 0.68164 0.087708 0.087708
1 0.35352 0.65039 0.087708 0.087708
1 0.26367 0.74609 0.087708 0.087708
1 0.25195 0.78711 0.087708 0.087708
1 0.2207 0.70703 0.087708 0.087708
1 0.18359 0.74609 0.087708 0.087708
1 0.16992 0.82813 0.087708 0.087708
1 0.16602 0.88477 0.087708 0.087708
1 0.13281 0.82813 0.087708 0.087708
1 0.10742 0.88672 0.087708 0.087708
1 0.076172 0.88867 0.087708 0.087708
1 0.54883 0.49023 0.087708 0.087708
1 0.45703 0.53906 0.087708 0.087708
1 0.039063 0.84375 0.087708 0.087708
1 0.091797 0.82617 0.087708 0.087708
