1 0.96289 0.39551 0.043854 0.043854
1 0.97363 0.36035 0.043854 0.043854
1 0.91699 0.43848 0.043854 0.043854
1 0.91895 0.27832 0.043854 0.043854
1 0.87012 0.22461 0.043854 0.043854
1 0.85254 0.16504 0.043854 0.043854
1 0.88281 0.095703 0.043854 0.043854
1 0.88965 0.12988 0.043854 0.043854
1 0.90137 0.15918 0.043854 0.043854
1 0.92188 0.17773 0.043854 0.043854
1 0.96875 0.13477 0.043854 0.043854
1 0.96191 0.072266 0.043854 0.043854
1 0.71582 0.057617 0.043854 0.043854
1 0.73828 0.43164 0.043854 0.043854
1 0.72656 0.52441 0.043854 0.043854
1 0.75195 0.62305 0.043854 0.043854
1 0.58887 0.54785 0.043854 0.043854
1 0.6123 0.53711 0.043854 0.043854
1 0.63379 0.52246 0.043854 0.043854
1 0.64258 0.56445 0.043854 0.043854
1 0.58789 0.62207 0.043854 0.043854
1 0.71973 0.57324 0.043854 0.043854
1 0.66113 0.64941 0.043854 0.043854
1 0.63184 0.67383 0.043854 0.043854
1 0.61328 0.70703 0.043854 0.043854
1 0.55664 0.66113 0.043854 0.043854
1 0.50781 0.62598 0.043854 0.043854
1 0.5166 0.7002 0.043854 0.043854
1 0.4707 0.66992 0.043854 0.043854
1 0.34473 0.73438 0.043854 0.043854
1 0.36816 0.71387 0.043854 0.043854
1 0.39746 0.72656 0.043854 0.043854
1 0.31348 0.71875 0.043854 0.043854
1 0.28027 0.70215 0.043854 0.043854
1 0.30371 0.6582 0.043854 0.043854
1 0.24902 0.64355 0.043854 0.043854
1 0.27441 0.62598 0.043854 0.043854
1 0.2207 0.72363 0.043854 0.043854
1 0.24512 0.7041 0.043854 0.043854
1 0.22168 0.66699 0.043854 0.043854
1 0.18262 0.68457 0.043854 0.043854
1 0.18262 0.60254 0.043854 0.043854
1 0.12695 0.68066 0.043854 0.043854
1 0.12598 0.61328 0.043854 0.043854
1 0.080078 0.63184 0.043854 0.043854
1 0.023438 0.65332 0.043854 0.043854
1 0.044922 0.59082 0.043854 0.043854
1 0.8877 0.51074 0.043854 0.043854
