1 0.33398 0.16797 0.087708 0.087708
1 0.38477 0.52734 0.087708 0.087708
1 0.36133 0.5 0.087708 0.087708
1 0.31445 0.5918 0.087708 0.087708
1 0.27539 0.60938 0.087708 0.087708
1 0.25977 0.53711 0.087708 0.087708
1 0.31445 0.49805 0.087708 0.087708
1 0.2168 0.54297 0.087708 0.087708
1 0.21289 0.58594 0.087708 0.087708
1 0.25586 0.63867 0.087708 0.087708
1 0.19922 0.68359 0.087708 0.087708
1 0.2168 0.6582 0.087708 0.087708
1 0.20313 0.63086 0.087708 0.087708
1 0.14648 0.66211 0.087708 0.087708
1 0.15039 0.70117 0.087708 0.087708
1 0.11523 0.69336 0.087708 0.087708
1 0.12305 0.74805 0.087708 0.087708
1 0.10547 0.80078 0.087708 0.087708
1 0.050781 0.7207 0.087708 0.087708
1 0.18164 0.60547 0.087708 0.087708
1 0.54297 0.22852 0.087708 0.087708
1 0.52539 0.31836 0.087708 0.087708
1 0.57227 0.31836 0.087708 0.087708
1 0.63867 0.36328 0.087708 0.087708
1 0.6543 0.2793 0.087708 0.087708
1 0.69141 0.30273 0.087708 0.087708
1 0.72656 0.30859 0.087708 0.087708
1 0.78125 0.33594 0.087708 0.087708
1 0.72656 0.38672 0.087708 0.087708
1 0.74219 0.44336 0.087708 0.087708
1 0.76953 0.49219 0.087708 0.087708
1 0.85156 0.52539 0.087708 0.087708
1 0.53711 0.51367 0.087708 0.087708
1 0.69922 0.65625 0.087708 0.087708
1 0.63477 0.54688 0.087708 0.087708
1 0.79688 0.64648 0.087708 0.087708
1 0.79883 0.57031 0.087708 0.087708
