1 0.10352 0.56445 0.048281 0.048281
1 0.13672 0.50391 0.048281 0.048281
1 0.17578 0.53125 0.048281 0.048281
1 0.27148 0.52734 0.048281 0.048281
1 0.33203 0.57617 0.048281 0.048281
1 0.26172 0.5625 0.048281 0.048281
1 0.33789 0.53516 0.048281 0.048281
1 0.4043 0.49023 0.048281 0.048281
1 0.44141 0.52539 0.048281 0.048281
1 0.40039 0.58789 0.048281 0.048281
1 0.52344 0.64063 0.048281 0.048281
1 0.54883 0.61133 0.048281 0.048281
1 0.5625 0.55469 0.048281 0.048281
1 0.67969 0.58594 0.048281 0.048281
1 0.68945 0.63672 0.048281 0.048281
1 0.7207 0.56055 0.048281 0.048281
1 0.83008 0.63281 0.048281 0.048281
1 0.88867 0.55273 0.048281 0.048281
1 0.88281 0.60938 0.048281 0.048281
1 0.96289 0.57813 0.048281 0.048281
1 0.095703 0.48438 0.048281 0.048281
1 0.84961 0.53125 0.048281 0.048281
1 1.0234 0.55273 0.048281 0.048281
1 0.24219 0.54297 0.048281 0.048281
