1 0.28809 0.84277 0.052604 0.052604
1 0.3584 0.68945 0.052604 0.052604
1 0.33398 0.66895 0.052604 0.052604
1 0.33594 0.62891 0.052604 0.052604
1 0.22461 0.64355 0.052604 0.052604
1 0.19238 0.5752 0.052604 0.052604
1 0.22168 0.41895 0.052604 0.052604
1 0.16895 0.36816 0.052604 0.052604
1 0.14258 0.17676 0.052604 0.052604
1 0.24414 0.50781 0.052604 0.052604
1 0.41113 0.8125 0.052604 0.052604
1 0.55859 0.73047 0.052604 0.052604
1 0.54785 0.69531 0.052604 0.052604
1 0.59375 0.57031 0.052604 0.052604
1 0.52051 0.5752 0.052604 0.052604
1 0.52148 0.4873 0.052604 0.052604
1 0.51953 0.45996 0.052604 0.052604
1 0.59863 0.3916 0.052604 0.052604
1 0.67188 0.27344 0.052604 0.052604
1 0.77344 0.30176 0.052604 0.052604
1 0.7666 0.15332 0.052604 0.052604
1 0.89453 0.21777 0.052604 0.052604
1 0.86719 0.14648 0.052604 0.052604
1 0.50781 0.79004 0.052604 0.052604
1 0.45508 0.67969 0.052604 0.052604
