1 0.83984 0.91992 0.052604 0.052604
1 0.92188 0.85938 0.052604 0.052604
1 0.875 0.81055 0.052604 0.052604
1 0.83594 0.73047 0.052604 0.052604
1 0.82422 0.69727 0.052604 0.052604
1 0.75391 0.58594 0.052604 0.052604
1 0.75977 0.64844 0.052604 0.052604
1 0.65234 0.66602 0.052604 0.052604
1 0.61523 0.59961 0.052604 0.052604
1 0.49219 0.36523 0.052604 0.052604
1 0.33984 0.34766 0.052604 0.052604
1 0.25977 0.32422 0.052604 0.052604
1 0.2168 0.29688 0.052604 0.052604
1 0.13281 0.24023 0.052604 0.052604
1 0.087891 0.052734 0.052604 0.052604
1 0.75 0.74219 0.052604 0.052604
1 0.63672 0.63281 0.052604 0.052604
1 0.30859 0.30469 0.052604 0.052604
