1 0.29883 0.017578 0.043854 0.043854
1 0.29004 0.06543 0.043854 0.043854
1 0.3291 0.056641 0.043854 0.043854
1 0.44336 0.17676 0.043854 0.043854
1 0.48438 0.19238 0.043854 0.043854
1 0.51367 0.24707 0.043854 0.043854
1 0.5332 0.2793 0.043854 0.043854
1 0.4834 0.31738 0.043854 0.043854
1 0.57715 0.33398 0.043854 0.043854
1 0.5918 0.41016 0.043854 0.043854
1 0.56738 0.42285 0.043854 0.043854
1 0.63379 0.4502 0.043854 0.043854
1 0.59082 0.50098 0.043854 0.043854
1 0.69922 0.51953 0.043854 0.043854
1 0.62598 0.5752 0.043854 0.043854
1 0.69629 0.57617 0.043854 0.043854
1 0.65625 0.62891 0.043854 0.043854
1 0.65332 0.71777 0.043854 0.043854
1 0.67188 0.77734 0.043854 0.043854
1 0.70215 0.73828 0.043854 0.043854
1 0.75684 0.75879 0.043854 0.043854
1 0.71875 0.85645 0.043854 0.043854
1 0.74121 0.83398 0.043854 0.043854
1 0.82715 0.79785 0.043854 0.043854
1 0.79395 0.88477 0.043854 0.043854
1 0.81641 0.89648 0.043854 0.043854
1 0.85547 0.89551 0.043854 0.043854
1 0.79004 0.93848 0.043854 0.043854
1 0.90039 0.93066 0.043854 0.043854
1 0.89551 0.96582 0.043854 0.043854
1 0.86816 0.95117 0.043854 0.043854
1 0.82227 0.83984 0.043854 0.043854
1 0.1123 0.09082 0.043854 0.043854
1 0.16211 0.12793 0.043854 0.043854
1 0.15137 0.17383 0.043854 0.043854
1 0.09375 0.23047 0.043854 0.043854
1 0.15137 0.32227 0.043854 0.043854
1 0.16211 0.3457 0.043854 0.043854
1 0.17285 0.43066 0.043854 0.043854
1 0.077148 0.44336 0.043854 0.043854
1 0.16992 0.4707 0.043854 0.043854
1 0.19238 0.4834 0.043854 0.043854
1 0.1875 0.51758 0.043854 0.043854
1 0.31445 0.59766 0.043854 0.043854
1 0.27832 0.66406 0.043854 0.043854
1 0.3125 0.69043 0.043854 0.043854
1 0.43848 0.68066 0.043854 0.043854
1 0.49805 0.75586 0.043854 0.043854
1 0.54883 0.78613 0.043854 0.043854
1 0.3916 0.75879 0.043854 0.043854
1 0.38574 0.71094 0.043854 0.043854
1 0.26855 0.6123 0.043854 0.043854
1 0.23535 0.60059 0.043854 0.043854
1 0.083984 0.57129 0.043854 0.043854
1 0.11816 0.59375 0.043854 0.043854
1 0.53223 0.92871 0.043854 0.043854
1 0.58594 0.9502 0.043854 0.043854
1 0.29297 0.55664 0.043854 0.043854
1 0.82715 0.045898 0.043854 0.043854
1 0.8418 0.13672 0.043854 0.043854
1 0.79785 0.18066 0.043854 0.043854
1 0.78223 0.16699 0.043854 0.043854
1 0.78125 0.13867 0.043854 0.043854
1 0.75684 0.12109 0.043854 0.043854
1 0.7959 0.083008 0.043854 0.043854
1 0.70215 0.29102 0.043854 0.043854
1 0.75391 0.25 0.043854 0.043854
1 0.80957 0.30762 0.043854 0.043854
1 0.7832 0.30566 0.043854 0.043854
1 0.97168 0.93555 0.043854 0.043854
1 0.96191 0.81055 0.043854 0.043854
1 0.9873 0.85742 0.043854 0.043854
1 0.9502 0.85449 0.043854 0.043854
1 0.96973 0.72949 0.043854 0.043854
1 0.9541 0.74707 0.043854 0.043854
1 0.91309 0.75684 0.043854 0.043854
1 0.88574 0.73828 0.043854 0.043854
1 0.93945 0.67285 0.043854 0.043854
1 0.79297 0.53613 0.043854 0.043854
1 0.8457 0.50781 0.043854 0.043854
1 0.84375 0.42871 0.043854 0.043854
1 0.76367 0.49512 0.043854 0.043854
1 0.81738 0.36914 0.043854 0.043854
1 0.93457 0.056641 0.043854 0.043854
1 0.86426 0.12109 0.043854 0.043854
