1 0.21875 0.1582 0.052604 0.052604
1 0.32031 0.16992 0.052604 0.052604
1 0.22461 0.27344 0.052604 0.052604
1 0.29883 0.31445 0.052604 0.052604
1 0.38086 0.26758 0.052604 0.052604
1 0.41602 0.25586 0.052604 0.052604
1 0.34766 0.38477 0.052604 0.052604
1 0.35938 0.4082 0.052604 0.052604
1 0.38867 0.45313 0.052604 0.052604
1 0.42383 0.35156 0.052604 0.052604
1 0.46094 0.33789 0.052604 0.052604
1 0.44727 0.51758 0.052604 0.052604
1 0.49023 0.5332 0.052604 0.052604
1 0.52344 0.47656 0.052604 0.052604
1 0.5918 0.56836 0.052604 0.052604
1 0.61914 0.72461 0.052604 0.052604
1 0.66992 0.7832 0.052604 0.052604
1 0.64258 0.81055 0.052604 0.052604
1 0.82031 0.83008 0.052604 0.052604
1 0.77734 0.79102 0.052604 0.052604
1 0.83789 0.9375 0.052604 0.052604
