1 0.86719 0.09375 0.052604 0.052604
1 0.67773 0.18164 0.052604 0.052604
1 0.58984 0.33789 0.052604 0.052604
1 0.54102 0.33789 0.052604 0.052604
1 0.57031 0.47656 0.052604 0.052604
1 0.51172 0.58203 0.052604 0.052604
1 0.43359 0.56641 0.052604 0.052604
1 0.39648 0.53906 0.052604 0.052604
1 0.36719 0.57031 0.052604 0.052604
1 0.37109 0.66016 0.052604 0.052604
1 0.30469 0.74023 0.052604 0.052604
1 0.26953 0.75391 0.052604 0.052604
1 0.24609 0.79688 0.052604 0.052604
1 0.14258 0.76172 0.052604 0.052604
1 0.47461 0.59961 0.052604 0.052604
1 0.25586 0.68555 0.052604 0.052604
1 0.15039 0.85352 0.052604 0.052604
1 0.085938 0.85156 0.052604 0.052604
1 0.064453 0.91016 0.052604 0.052604
1 0.048828 0.94922 0.052604 0.052604
1 0.5332 0.44922 0.052604 0.052604
