1 0.83301 0.16504 0.043854 0.043854
1 0.76563 0.24707 0.043854 0.043854
1 0.62793 0.32813 0.043854 0.043854
1 0.6748 0.38281 0.043854 0.043854
1 0.67188 0.41309 0.043854 0.043854
1 0.61426 0.48926 0.043854 0.043854
1 0.61719 0.4043 0.043854 0.043854
1 0.60547 0.44531 0.043854 0.043854
1 0.67578 0.5293 0.043854 0.043854
1 0.6582 0.55762 0.043854 0.043854
1 0.65918 0.66113 0.043854 0.043854
1 0.58984 0.71582 0.043854 0.043854
1 0.68066 0.88086 0.043854 0.043854
1 0.49023 0.09668 0.043854 0.043854
1 0.48633 0.013672 0.043854 0.043854
1 0.43066 0.012695 0.043854 0.043854
1 0.32031 0.081055 0.043854 0.043854
1 0.38086 0.021484 0.043854 0.043854
1 0.26465 0.064453 0.043854 0.043854
1 0.2002 0.03418 0.043854 0.043854
1 0.61426 0.13574 0.043854 0.043854
1 0.59863 0.16797 0.043854 0.043854
1 0.57227 0.17969 0.043854 0.043854
1 0.5293 0.17969 0.043854 0.043854
1 0.44629 0.1377 0.043854 0.043854
1 0.49707 0.21289 0.043854 0.043854
1 0.37012 0.23926 0.043854 0.043854
1 0.44531 0.26172 0.043854 0.043854
