1 0.93066 0.19238 0.052656 0.052656
1 0.61035 0.27832 0.052656 0.052656
1 0.60254 0.3457 0.052656 0.052656
1 0.55566 0.34473 0.052656 0.052656
1 0.48242 0.4043 0.052656 0.052656
1 0.43457 0.36914 0.052656 0.052656
1 0.49707 0.27344 0.052656 0.052656
1 0.4707 0.3291 0.052656 0.052656
1 0.44238 0.26758 0.052656 0.052656
1 0.39063 0.29785 0.052656 0.052656
1 0.41992 0.34473 0.052656 0.052656
1 0.33301 0.35059 0.052656 0.052656
1 0.29785 0.31836 0.052656 0.052656
1 0.5625 0.38672 0.052656 0.052656
1 0.52148 0.4248 0.052656 0.052656
1 0.5752 0.45801 0.052656 0.052656
1 0.54297 0.48145 0.052656 0.052656
1 0.52148 0.50684 0.052656 0.052656
1 0.51367 0.46582 0.052656 0.052656
1 0.50586 0.55762 0.052656 0.052656
1 0.49023 0.50391 0.052656 0.052656
1 0.44922 0.48926 0.052656 0.052656
1 0.40332 0.49805 0.052656 0.052656
1 0.46191 0.57031 0.052656 0.052656
1 0.4707 0.62207 0.052656 0.052656
1 0.40137 0.65234 0.052656 0.052656
1 0.42676 0.79395 0.052656 0.052656
1 0.36816 0.72461 0.052656 0.052656
