1 0.11328 0.23145 0.043854 0.043854
1 0.17285 0.2207 0.043854 0.043854
1 0.077148 0.30176 0.043854 0.043854
1 0.092773 0.2832 0.043854 0.043854
1 0.12109 0.31934 0.043854 0.043854
1 0.21289 0.2666 0.043854 0.043854
1 0.21191 0.37793 0.043854 0.043854
1 0.24219 0.31641 0.043854 0.043854
1 0.28027 0.33789 0.043854 0.043854
1 0.26367 0.38184 0.043854 0.043854
1 0.29102 0.29297 0.043854 0.043854
1 0.33008 0.3584 0.043854 0.043854
1 0.375 0.36621 0.043854 0.043854
1 0.33203 0.4375 0.043854 0.043854
1 0.35156 0.46777 0.043854 0.043854
1 0.44336 0.45703 0.043854 0.043854
1 0.40723 0.50293 0.043854 0.043854
1 0.5957 0.55957 0.043854 0.043854
1 0.54102 0.63086 0.043854 0.043854
1 0.57129 0.69043 0.043854 0.043854
1 0.73438 0.72852 0.043854 0.043854
1 0.80566 0.72363 0.043854 0.043854
1 0.80469 0.7832 0.043854 0.043854
1 0.86426 0.78809 0.043854 0.043854
1 0.93555 0.85645 0.043854 0.043854
1 0.96973 0.89453 0.043854 0.043854
1 0.98926 0.85547 0.043854 0.043854
1 0.98828 0.93652 0.043854 0.043854
1 0.37109 0.5625 0.043854 0.043854
1 0.58496 0.64355 0.043854 0.043854
