1 0.43945 0.049805 0.052604 0.052604
1 0.5166 0.1123 0.052604 0.052604
1 0.47363 0.070313 0.052604 0.052604
1 0.41699 0.18262 0.052604 0.052604
1 0.41504 0.2373 0.052604 0.052604
1 0.49512 0.24902 0.052604 0.052604
1 0.4043 0.34668 0.052604 0.052604
1 0.5332 0.34277 0.052604 0.052604
1 0.47949 0.38574 0.052604 0.052604
1 0.43652 0.38965 0.052604 0.052604
1 0.37695 0.5625 0.052604 0.052604
1 0.47852 0.52051 0.052604 0.052604
1 0.45898 0.64063 0.052604 0.052604
1 0.49512 0.63184 0.052604 0.052604
1 0.49219 0.68652 0.052604 0.052604
1 0.37402 0.74121 0.052604 0.052604
1 0.36621 0.78711 0.052604 0.052604
1 0.31641 0.8623 0.052604 0.052604
1 0.27832 0.90918 0.052604 0.052604
1 0.45801 0.94824 0.052604 0.052604
1 0.34082 0.92871 0.052604 0.052604
1 0.43457 0.31934 0.052604 0.052604
1 0.45898 0.28516 0.052604 0.052604
1 0.4082 0.76855 0.052604 0.052604
