1 0.68457 0.90625 0.052604 0.052604
1 0.64746 0.86816 0.052604 0.052604
1 0.6084 0.89551 0.052604 0.052604
1 0.55469 0.95996 0.052604 0.052604
1 0.75293 0.59668 0.052604 0.052604
1 0.63086 0.68652 0.052604 0.052604
1 0.62988 0.6084 0.052604 0.052604
1 0.62988 0.56738 0.052604 0.052604
1 0.56543 0.58887 0.052604 0.052604
1 0.48535 0.53613 0.052604 0.052604
1 0.55469 0.47754 0.052604 0.052604
1 0.43652 0.46387 0.052604 0.052604
1 0.44629 0.31055 0.052604 0.052604
1 0.3877 0.42285 0.052604 0.052604
1 0.33105 0.37207 0.052604 0.052604
1 0.33105 0.2832 0.052604 0.052604
1 0.27051 0.3623 0.052604 0.052604
1 0.28906 0.2666 0.052604 0.052604
1 0.25 0.29004 0.052604 0.052604
1 0.1582 0.27832 0.052604 0.052604
1 0.17676 0.22461 0.052604 0.052604
1 0.13574 0.20996 0.052604 0.052604
1 0.058594 0.2041 0.052604 0.052604
1 0.73535 0.33887 0.052604 0.052604
1 0.73633 0.29004 0.052604 0.052604
1 0.76855 0.27148 0.052604 0.052604
1 0.67773 0.27441 0.052604 0.052604
1 0.69531 0.22363 0.052604 0.052604
1 0.64258 0.36816 0.052604 0.052604
1 0.60254 0.30664 0.052604 0.052604
1 0.55762 0.22656 0.052604 0.052604
1 0.62988 0.23438 0.052604 0.052604
1 0.65723 0.21777 0.052604 0.052604
1 0.48633 0.14648 0.052604 0.052604
1 0.52441 0.02832 0.052604 0.052604
