1 0.09082 0.073242 0.043854 0.043854
1 0.074219 0.15918 0.043854 0.043854
1 0.083984 0.20996 0.043854 0.043854
1 0.064453 0.25 0.043854 0.043854
1 0.03418 0.28613 0.043854 0.043854
1 0.013672 0.30566 0.043854 0.043854
1 0.09375 0.30957 0.043854 0.043854
1 0.082031 0.33691 0.043854 0.043854
1 0.057617 0.35645 0.043854 0.043854
1 0.14941 0.40137 0.043854 0.043854
1 0.23047 0.42676 0.043854 0.043854
1 0.27051 0.54004 0.043854 0.043854
1 0.25391 0.5918 0.043854 0.043854
1 0.2666 0.61035 0.043854 0.043854
1 0.3418 0.63867 0.043854 0.043854
1 0.30566 0.69238 0.043854 0.043854
1 0.38281 0.7373 0.043854 0.043854
1 0.32031 0.77539 0.043854 0.043854
1 0.36133 0.79004 0.043854 0.043854
1 0.37891 0.8125 0.043854 0.043854
1 0.35156 0.83105 0.043854 0.043854
1 0.41797 0.8584 0.043854 0.043854
1 0.42578 0.80078 0.043854 0.043854
1 0.47363 0.82422 0.043854 0.043854
1 0.46191 0.85254 0.043854 0.043854
1 0.50781 0.86719 0.043854 0.043854
1 0.53223 0.88672 0.043854 0.043854
1 0.46582 0.89941 0.043854 0.043854
1 0.48926 0.91602 0.043854 0.043854
1 0.49512 0.94727 0.043854 0.043854
1 0.54785 0.93066 0.043854 0.043854
1 0.52148 0.97363 0.043854 0.043854
1 0.59082 0.96582 0.043854 0.043854
1 0.23828 0.38965 0.043854 0.043854
1 0.27832 0.33594 0.043854 0.043854
1 0.29785 0.375 0.043854 0.043854
1 0.2959 0.42285 0.043854 0.043854
1 0.33203 0.46777 0.043854 0.043854
1 0.42871 0.53809 0.043854 0.043854
1 0.44336 0.57813 0.043854 0.043854
1 0.52148 0.52051 0.043854 0.043854
1 0.50977 0.57813 0.043854 0.043854
1 0.59082 0.49316 0.043854 0.043854
1 0.59473 0.52832 0.043854 0.043854
1 0.58398 0.57031 0.043854 0.043854
1 0.66797 0.6123 0.043854 0.043854
1 0.7207 0.55566 0.043854 0.043854
1 0.72754 0.62012 0.043854 0.043854
1 0.77734 0.58398 0.043854 0.043854
1 0.83887 0.50781 0.043854 0.043854
1 0.87109 0.48535 0.043854 0.043854
1 0.93164 0.52051 0.043854 0.043854
1 0.96387 0.50684 0.043854 0.043854
