1 0.055664 0.20996 0.043854 0.043854
1 0.0625 0.31836 0.043854 0.043854
1 0.05957 0.47461 0.043854 0.043854
1 0.086914 0.47266 0.043854 0.043854
1 0.081055 0.39551 0.043854 0.043854
1 0.10254 0.39551 0.043854 0.043854
1 0.13477 0.38672 0.043854 0.043854
1 0.1543 0.4873 0.043854 0.043854
1 0.17969 0.50488 0.043854 0.043854
1 0.21191 0.48926 0.043854 0.043854
1 0.23438 0.50879 0.043854 0.043854
1 0.2666 0.44336 0.043854 0.043854
1 0.26465 0.54395 0.043854 0.043854
1 0.30859 0.5127 0.043854 0.043854
1 0.34082 0.46289 0.043854 0.043854
1 0.46387 0.51172 0.043854 0.043854
1 0.52539 0.56641 0.043854 0.043854
1 0.52734 0.51465 0.043854 0.043854
1 0.54883 0.50781 0.043854 0.043854
1 0.58398 0.50293 0.043854 0.043854
1 0.6543 0.59668 0.043854 0.043854
1 0.68555 0.58691 0.043854 0.043854
1 0.69629 0.60645 0.043854 0.043854
1 0.76855 0.60449 0.043854 0.043854
1 0.80078 0.61523 0.043854 0.043854
1 0.84766 0.58203 0.043854 0.043854
1 0.88184 0.61914 0.043854 0.043854
1 0.21191 0.40527 0.043854 0.043854
