1 0.93848 0.65137 0.043854 0.043854
1 0.85352 0.72656 0.043854 0.043854
1 0.87598 0.69336 0.043854 0.043854
1 0.88086 0.64746 0.043854 0.043854
1 0.8584 0.62988 0.043854 0.043854
1 0.82715 0.58789 0.043854 0.043854
1 0.79297 0.60645 0.043854 0.043854
1 0.80664 0.65723 0.043854 0.043854
1 0.74316 0.60059 0.043854 0.043854
1 0.79102 0.5498 0.043854 0.043854
1 0.76953 0.49707 0.043854 0.043854
1 0.68848 0.46875 0.043854 0.043854
1 0.73242 0.44043 0.043854 0.043854
1 0.56641 0.50098 0.043854 0.043854
1 0.58496 0.33398 0.043854 0.043854
1 0.52246 0.36816 0.043854 0.043854
1 0.55371 0.30664 0.043854 0.043854
1 0.47168 0.28906 0.043854 0.043854
1 0.49121 0.24121 0.043854 0.043854
1 0.44043 0.20313 0.043854 0.043854
1 0.4248 0.26758 0.043854 0.043854
1 0.39063 0.18066 0.043854 0.043854
1 0.36328 0.21191 0.043854 0.043854
1 0.33594 0.19727 0.043854 0.043854
1 0.29395 0.15918 0.043854 0.043854
1 0.37695 0.12012 0.043854 0.043854
1 0.96484 0.93457 0.043854 0.043854
1 0.93848 0.95898 0.043854 0.043854
1 0.96973 0.87207 0.043854 0.043854
1 0.92383 0.92871 0.043854 0.043854
1 0.91113 0.9082 0.043854 0.043854
1 0.87695 0.91699 0.043854 0.043854
1 0.92188 0.84375 0.043854 0.043854
1 0.86816 0.83398 0.043854 0.043854
1 0.86426 0.78223 0.043854 0.043854
1 0.81055 0.88574 0.043854 0.043854
1 0.78418 0.85059 0.043854 0.043854
1 0.76172 0.78809 0.043854 0.043854
1 0.7666 0.72949 0.043854 0.043854
1 0.73438 0.70996 0.043854 0.043854
1 0.73926 0.75195 0.043854 0.043854
1 0.70801 0.74805 0.043854 0.043854
1 0.66309 0.70703 0.043854 0.043854
1 0.66699 0.77246 0.043854 0.043854
1 0.58887 0.74316 0.043854 0.043854
1 0.58301 0.70117 0.043854 0.043854
1 0.55566 0.72168 0.043854 0.043854
1 0.50098 0.74316 0.043854 0.043854
1 0.48926 0.67969 0.043854 0.043854
1 0.42773 0.69629 0.043854 0.043854
1 0.35059 0.66016 0.043854 0.043854
1 0.36523 0.64453 0.043854 0.043854
1 0.28711 0.60254 0.043854 0.043854
1 0.27344 0.63281 0.043854 0.043854
1 0.24902 0.64746 0.043854 0.043854
1 0.22461 0.66504 0.043854 0.043854
1 0.2041 0.60547 0.043854 0.043854
1 0.19336 0.57617 0.043854 0.043854
1 0.14941 0.65039 0.043854 0.043854
1 0.16992 0.5625 0.043854 0.043854
1 0.10352 0.56738 0.043854 0.043854
1 0.078125 0.57031 0.043854 0.043854
1 0.078125 0.4873 0.043854 0.043854
1 0.02832 0.5166 0.043854 0.043854
