1 0.1543 0.5625 0.052604 0.052604
1 0.11133 0.48242 0.052604 0.052604
1 0.21289 0.5625 0.052604 0.052604
1 0.28125 0.55469 0.052604 0.052604
1 0.23633 0.47656 0.052604 0.052604
1 0.31055 0.48438 0.052604 0.052604
1 0.33008 0.5293 0.052604 0.052604
1 0.40625 0.48438 0.052604 0.052604
1 0.47656 0.49414 0.052604 0.052604
1 0.61328 0.49219 0.052604 0.052604
1 0.5293 0.58008 0.052604 0.052604
1 0.70313 0.53711 0.052604 0.052604
1 0.73242 0.60156 0.052604 0.052604
1 0.75977 0.58789 0.052604 0.052604
1 0.82617 0.61328 0.052604 0.052604
1 0.88672 0.66016 0.052604 0.052604
1 0.85156 0.62695 0.052604 0.052604
1 0.94922 0.52734 0.052604 0.052604
1 0.95313 0.62891 0.052604 0.052604
1 0.98047 0.51172 0.052604 0.052604
1 0.56055 0.51563 0.052604 0.052604
1 0.38867 0.57422 0.052604 0.052604
1 0.43359 0.59766 0.052604 0.052604
1 0.45898 0.58984 0.052604 0.052604
1 0.42578 0.68555 0.052604 0.052604
1 0.44922 0.74414 0.052604 0.052604
1 0.51758 0.69531 0.052604 0.052604
1 0.45313 0.66211 0.052604 0.052604
1 0.54102 0.8418 0.052604 0.052604
1 0.62891 0.75391 0.052604 0.052604
1 0.67773 0.75586 0.052604 0.052604
1 0.66602 0.81836 0.052604 0.052604
1 0.55078 0.72852 0.052604 0.052604
1 0.61523 0.87305 0.052604 0.052604
1 0.6582 0.94141 0.052604 0.052604
1 0.69336 0.91211 0.052604 0.052604
1 0.72461 0.94531 0.052604 0.052604
1 0.77539 0.87891 0.052604 0.052604
1 0.84766 0.96289 0.052604 0.052604
1 0.12891 0.41211 0.052604 0.052604
1 0.21875 0.3457 0.052604 0.052604
1 0.25195 0.31836 0.052604 0.052604
1 0.28125 0.15039 0.052604 0.052604
1 0.2793 0.20313 0.052604 0.052604
1 0.33984 0.27344 0.052604 0.052604
1 0.37305 0.25195 0.052604 0.052604
1 0.45117 0.19531 0.052604 0.052604
1 0.49805 0.09375 0.052604 0.052604
1 0.57031 0.14453 0.052604 0.052604
1 0.63281 0.15039 0.052604 0.052604
1 0.6582 0.2207 0.052604 0.052604
1 0.67969 0.1582 0.052604 0.052604
1 0.73438 0.26758 0.052604 0.052604
1 0.70313 0.25195 0.052604 0.052604
1 0.86719 0.24219 0.052604 0.052604
1 0.83984 0.17383 0.052604 0.052604
1 0.86328 0.14844 0.052604 0.052604
1 0.90234 0.15039 0.052604 0.052604
1 0.65234 0.11914 0.052604 0.052604
1 0.67969 0.10156 0.052604 0.052604
1 0.7207 0.058594 0.052604 0.052604
1 0.75781 0.041016 0.052604 0.052604
