1 0.56543 0.082031 0.043854 0.043854
1 0.52441 0.1709 0.043854 0.043854
1 0.60059 0.18359 0.043854 0.043854
1 0.62793 0.30762 0.043854 0.043854
1 0.68652 0.26758 0.043854 0.043854
1 0.71973 0.30176 0.043854 0.043854
1 0.75879 0.39063 0.043854 0.043854
1 0.80566 0.43652 0.043854 0.043854
1 0.77637 0.48145 0.043854 0.043854
1 0.88184 0.54199 0.043854 0.043854
1 0.91211 0.59375 0.043854 0.043854
1 0.90918 0.66309 0.043854 0.043854
1 0.96875 0.63184 0.043854 0.043854
1 0.90332 0.62305 0.043854 0.043854
1 0.40039 0.16699 0.043854 0.043854
1 0.42969 0.31543 0.043854 0.043854
1 0.38281 0.33594 0.043854 0.043854
1 0.32422 0.31543 0.043854 0.043854
1 0.28613 0.33984 0.043854 0.043854
1 0.26172 0.39355 0.043854 0.043854
1 0.32227 0.41309 0.043854 0.043854
1 0.29199 0.46191 0.043854 0.043854
1 0.22852 0.4834 0.043854 0.043854
1 0.27441 0.58887 0.043854 0.043854
1 0.27148 0.63574 0.043854 0.043854
1 0.2334 0.70313 0.043854 0.043854
1 0.20313 0.72949 0.043854 0.043854
1 0.22168 0.875 0.043854 0.043854
1 0.20996 0.93945 0.043854 0.043854
1 0.1748 0.91211 0.043854 0.043854
1 0.20801 0.99609 0.043854 0.043854
1 0.16699 0.98242 0.043854 0.043854
1 0.48145 0.06543 0.043854 0.043854
