1 0.19922 0.16602 0.052604 0.052604
1 0.30078 0.17773 0.052604 0.052604
1 0.20508 0.28125 0.052604 0.052604
1 0.2793 0.32227 0.052604 0.052604
1 0.36133 0.27539 0.052604 0.052604
1 0.39648 0.26367 0.052604 0.052604
1 0.32813 0.39258 0.052604 0.052604
1 0.33984 0.41602 0.052604 0.052604
1 0.36914 0.46094 0.052604 0.052604
1 0.4043 0.35938 0.052604 0.052604
1 0.44141 0.3457 0.052604 0.052604
1 0.42773 0.52539 0.052604 0.052604
1 0.4707 0.54102 0.052604 0.052604
1 0.50391 0.48438 0.052604 0.052604
1 0.57227 0.57617 0.052604 0.052604
1 0.59961 0.73242 0.052604 0.052604
1 0.65039 0.79102 0.052604 0.052604
1 0.62305 0.81836 0.052604 0.052604
1 0.80078 0.83789 0.052604 0.052604
1 0.75781 0.79883 0.052604 0.052604
1 0.81836 0.94531 0.052604 0.052604
