1 0.68 0.52167 0.044158 0.044158
1 0.73 0.66667 0.044158 0.044158
1 0.67 0.67833 0.044158 0.044158
1 0.71833 0.70833 0.044158 0.044158
1 0.65 0.75 0.044158 0.044158
1 0.71833 0.76833 0.044158 0.044158
1 0.67333 0.85833 0.044158 0.044158
1 0.69167 0.91 0.044158 0.044158
1 0.76833 0.92333 0.044158 0.044158
1 0.725 0.94167 0.044158 0.044158
1 0.73833 0.83 0.044158 0.044158
1 0.40833 0.0083333 0.044158 0.044158
1 0.32333 0.105 0.044158 0.044158
1 0.315 0.14167 0.044158 0.044158
1 0.38667 0.15167 0.044158 0.044158
1 0.34 0.20167 0.044158 0.044158
1 0.385 0.275 0.044158 0.044158
1 0.33833 0.40833 0.044158 0.044158
1 0.39333 0.505 0.044158 0.044158
1 0.35167 0.58333 0.044158 0.044158
1 0.31167 0.66333 0.044158 0.044158
1 0.30333 0.71333 0.044158 0.044158
1 0.34833 0.75167 0.044158 0.044158
1 0.34667 0.71833 0.044158 0.044158
1 0.34 0.785 0.044158 0.044158
1 0.28333 0.66 0.044158 0.044158
1 0.27167 0.78167 0.044158 0.044158
1 0.28167 0.80167 0.044158 0.044158
1 0.27167 0.89 0.044158 0.044158
1 0.195 0.90833 0.044158 0.044158
1 0.39167 0.54833 0.044158 0.044158
