1 0.10352 0.19531 0.052604 0.052604
1 0.16016 0.21777 0.052604 0.052604
1 0.18262 0.2832 0.052604 0.052604
1 0.1543 0.32129 0.052604 0.052604
1 0.064453 0.25781 0.052604 0.052604
1 0.11816 0.30762 0.052604 0.052604
1 0.22656 0.44629 0.052604 0.052604
1 0.23047 0.51074 0.052604 0.052604
1 0.39063 0.60449 0.052604 0.052604
1 0.35156 0.69531 0.052604 0.052604
1 0.32227 0.15918 0.052604 0.052604
1 0.29297 0.15918 0.052604 0.052604
1 0.23828 0.18457 0.052604 0.052604
1 0.23535 0.070313 0.052604 0.052604
1 0.32813 0.28809 0.052604 0.052604
1 0.36426 0.32227 0.052604 0.052604
1 0.38672 0.33008 0.052604 0.052604
1 0.41016 0.27148 0.052604 0.052604
1 0.44434 0.26953 0.052604 0.052604
1 0.42871 0.35352 0.052604 0.052604
1 0.49219 0.45215 0.052604 0.052604
1 0.57227 0.40332 0.052604 0.052604
1 0.60645 0.4082 0.052604 0.052604
1 0.5332 0.47461 0.052604 0.052604
1 0.61328 0.5166 0.052604 0.052604
1 0.71777 0.68359 0.052604 0.052604
1 0.88574 0.73242 0.052604 0.052604
1 0.90625 0.78223 0.052604 0.052604
1 0.85352 0.875 0.052604 0.052604
1 0.88965 0.94238 0.052604 0.052604
