1 0.2959 0.97754 0.057292 0.057292
1 0.27637 0.86035 0.057292 0.057292
1 0.37793 0.85254 0.057292 0.057292
1 0.36621 0.90527 0.057292 0.057292
1 0.38574 0.78809 0.057292 0.057292
1 0.41309 0.71973 0.057292 0.057292
1 0.54785 0.59863 0.057292 0.057292
1 0.75684 0.62207 0.057292 0.057292
1 0.69629 0.68848 0.057292 0.057292
1 0.57129 0.75 0.057292 0.057292
1 0.2373 0.12598 0.057292 0.057292
1 0.38574 0.18457 0.057292 0.057292
1 0.33887 0.27637 0.057292 0.057292
1 0.37402 0.33105 0.057292 0.057292
1 0.4541 0.34082 0.057292 0.057292
1 0.52246 0.45801 0.057292 0.057292
1 0.64941 0.46777 0.057292 0.057292
1 0.71777 0.52832 0.057292 0.057292
