1 0.56641 0.11719 0.057292 0.057292
1 0.60742 0.011719 0.057292 0.057292
1 0.67285 0.12305 0.057292 0.057292
1 0.63184 0.10352 0.057292 0.057292
1 0.60059 0.09668 0.057292 0.057292
1 0.46875 0.13184 0.057292 0.057292
1 0.48047 0.22363 0.057292 0.057292
1 0.52051 0.28027 0.057292 0.057292
1 0.56836 0.33203 0.057292 0.057292
1 0.45313 0.33203 0.057292 0.057292
1 0.44922 0.38672 0.057292 0.057292
1 0.44629 0.44531 0.057292 0.057292
1 0.55078 0.4502 0.057292 0.057292
1 0.58691 0.47266 0.057292 0.057292
1 0.61035 0.52344 0.057292 0.057292
1 0.62695 0.56348 0.057292 0.057292
1 0.54785 0.61035 0.057292 0.057292
1 0.48145 0.62598 0.057292 0.057292
1 0.60742 0.5957 0.057292 0.057292
1 0.65234 0.68066 0.057292 0.057292
1 0.55566 0.7041 0.057292 0.057292
1 0.61816 0.71875 0.057292 0.057292
1 0.6543 0.75684 0.057292 0.057292
1 0.54688 0.81152 0.057292 0.057292
1 0.61914 0.79688 0.057292 0.057292
1 0.5332 0.94336 0.057292 0.057292
1 0.54297 0.85547 0.057292 0.057292
