1 0.19922 0.056641 0.063542 0.063542
1 0.2207 0.35742 0.063542 0.063542
1 0.24414 0.40234 0.063542 0.063542
1 0.28516 0.43359 0.063542 0.063542
1 0.28711 0.34766 0.063542 0.063542
1 0.41602 0.65039 0.063542 0.063542
1 0.48047 0.75586 0.063542 0.063542
1 0.53906 0.55078 0.063542 0.063542
1 0.65039 0.57031 0.063542 0.063542
1 0.67188 0.61719 0.063542 0.063542
1 0.79688 0.54883 0.063542 0.063542
1 0.80078 0.63672 0.063542 0.063542
1 0.83008 0.65625 0.063542 0.063542
1 0.84766 0.66992 0.063542 0.063542
1 0.87109 0.7207 0.063542 0.063542
1 0.89648 0.74805 0.063542 0.063542
1 0.082031 0.42578 0.063542 0.063542
1 0.16602 0.47461 0.063542 0.063542
1 0.17773 0.58594 0.063542 0.063542
1 0.1582 0.61133 0.063542 0.063542
1 0.17188 0.35156 0.063542 0.063542
