1 0.03418 0.094727 0.057292 0.057292
1 0.12598 0.020508 0.057292 0.057292
1 0.11035 0.056641 0.057292 0.057292
1 0.067383 0.12207 0.057292 0.057292
1 0.13574 0.1416 0.057292 0.057292
1 0.1416 0.11035 0.057292 0.057292
1 0.063477 0.18066 0.057292 0.057292
1 0.15137 0.17676 0.057292 0.057292
1 0.16504 0.20703 0.057292 0.057292
1 0.1416 0.21094 0.057292 0.057292
1 0.11035 0.23535 0.057292 0.057292
1 0.23926 0.33301 0.057292 0.057292
1 0.27637 0.35059 0.057292 0.057292
1 0.27246 0.40527 0.057292 0.057292
1 0.24707 0.37012 0.057292 0.057292
1 0.16699 0.34668 0.057292 0.057292
1 0.21191 0.46191 0.057292 0.057292
1 0.3623 0.47168 0.057292 0.057292
1 0.32715 0.46191 0.057292 0.057292
1 0.27441 0.54199 0.057292 0.057292
1 0.30762 0.58105 0.057292 0.057292
1 0.41309 0.5459 0.057292 0.057292
1 0.45605 0.58887 0.057292 0.057292
1 0.45605 0.7041 0.057292 0.057292
1 0.50293 0.72949 0.057292 0.057292
1 0.4834 0.6748 0.057292 0.057292
1 0.62598 0.7373 0.057292 0.057292
1 0.6748 0.75293 0.057292 0.057292
1 0.65332 0.70215 0.057292 0.057292
1 0.74121 0.91016 0.057292 0.057292
1 0.77832 0.79004 0.057292 0.057292
1 0.69629 0.64746 0.057292 0.057292
1 0.84668 0.63184 0.057292 0.057292
