1 0.96973 0.21387 0.057292 0.057292
1 0.95215 0.33691 0.057292 0.057292
1 0.9043 0.22363 0.057292 0.057292
1 0.8623 0.21777 0.057292 0.057292
1 0.93555 0.30664 0.057292 0.057292
1 0.89941 0.30859 0.057292 0.057292
1 0.85156 0.33008 0.057292 0.057292
1 0.84082 0.24414 0.057292 0.057292
1 0.79102 0.25391 0.057292 0.057292
1 0.75781 0.29102 0.057292 0.057292
1 0.78125 0.34375 0.057292 0.057292
1 0.75098 0.38281 0.057292 0.057292
1 0.7168 0.27832 0.057292 0.057292
1 0.6748 0.26367 0.057292 0.057292
1 0.56055 0.33594 0.057292 0.057292
1 0.58203 0.4082 0.057292 0.057292
1 0.50391 0.43359 0.057292 0.057292
1 0.49707 0.48926 0.057292 0.057292
1 0.45703 0.48145 0.057292 0.057292
1 0.39551 0.52246 0.057292 0.057292
1 0.3584 0.58789 0.057292 0.057292
1 0.31152 0.58496 0.057292 0.057292
1 0.29688 0.53516 0.057292 0.057292
1 0.26367 0.67578 0.057292 0.057292
1 0.19434 0.69727 0.057292 0.057292
1 0.19727 0.6582 0.057292 0.057292
1 0.15723 0.65332 0.057292 0.057292
1 0.10449 0.62891 0.057292 0.057292
1 0.14941 0.54688 0.057292 0.057292
1 0.26758 0.50195 0.057292 0.057292
1 0.23047 0.51367 0.057292 0.057292
1 0.78223 0.072266 0.057292 0.057292
1 0.77734 0.16797 0.057292 0.057292
1 0.70996 0.17969 0.057292 0.057292
1 0.63867 0.13477 0.057292 0.057292
1 0.58008 0.15527 0.057292 0.057292
1 0.60254 0.2832 0.057292 0.057292
1 0.46777 0.27832 0.057292 0.057292
1 0.50488 0.35938 0.057292 0.057292
1 0.47461 0.34375 0.057292 0.057292
1 0.32227 0.42578 0.057292 0.057292
1 0.35449 0.41699 0.057292 0.057292
