1 0.097656 0.33496 0.057292 0.057292
1 0.085938 0.41895 0.057292 0.057292
1 0.11914 0.43066 0.057292 0.057292
1 0.15625 0.45117 0.057292 0.057292
1 0.21777 0.47461 0.057292 0.057292
1 0.19629 0.39355 0.057292 0.057292
1 0.2373 0.39453 0.057292 0.057292
1 0.24316 0.35938 0.057292 0.057292
1 0.29492 0.38281 0.057292 0.057292
1 0.33203 0.34961 0.057292 0.057292
1 0.34277 0.40723 0.057292 0.057292
1 0.37207 0.4502 0.057292 0.057292
1 0.37988 0.37305 0.057292 0.057292
1 0.38086 0.31348 0.057292 0.057292
1 0.44727 0.2832 0.057292 0.057292
1 0.27051 0.48828 0.057292 0.057292
1 0.25195 0.54688 0.057292 0.057292
1 0.28711 0.55762 0.057292 0.057292
1 0.32129 0.4873 0.057292 0.057292
1 0.38086 0.50879 0.057292 0.057292
1 0.36035 0.57031 0.057292 0.057292
1 0.37891 0.61719 0.057292 0.057292
1 0.42383 0.63086 0.057292 0.057292
1 0.50781 0.53809 0.057292 0.057292
1 0.55469 0.63281 0.057292 0.057292
1 0.56641 0.5791 0.057292 0.057292
1 0.5957 0.58008 0.057292 0.057292
1 0.60938 0.66504 0.057292 0.057292
1 0.65234 0.59082 0.057292 0.057292
1 0.70117 0.61719 0.057292 0.057292
1 0.74805 0.59375 0.057292 0.057292
1 0.81934 0.61426 0.057292 0.057292
1 0.75391 0.71289 0.057292 0.057292
1 0.80078 0.71484 0.057292 0.057292
1 0.85449 0.73242 0.057292 0.057292
1 0.88281 0.74316 0.057292 0.057292
1 0.9209 0.71191 0.057292 0.057292
1 0.9043 0.6416 0.057292 0.057292
1 0.47754 0.60547 0.057292 0.057292
1 0.81348 0.65918 0.057292 0.057292
