1 0.89844 0.27734 0.057292 0.057292
1 0.89453 0.19922 0.057292 0.057292
1 0.8418 0.25488 0.057292 0.057292
1 0.82715 0.27246 0.057292 0.057292
1 0.84473 0.29688 0.057292 0.057292
1 0.75879 0.26953 0.057292 0.057292
1 0.72461 0.30078 0.057292 0.057292
1 0.72754 0.33203 0.057292 0.057292
1 0.7627 0.39258 0.057292 0.057292
1 0.73828 0.41699 0.057292 0.057292
1 0.67676 0.3125 0.057292 0.057292
1 0.63672 0.40039 0.057292 0.057292
1 0.62988 0.44629 0.057292 0.057292
1 0.68164 0.49219 0.057292 0.057292
1 0.57617 0.3916 0.057292 0.057292
1 0.54395 0.43457 0.057292 0.057292
1 0.55762 0.53809 0.057292 0.057292
1 0.61719 0.52734 0.057292 0.057292
1 0.55566 0.48633 0.057292 0.057292
1 0.5127 0.53711 0.057292 0.057292
1 0.51172 0.46094 0.057292 0.057292
1 0.44531 0.43164 0.057292 0.057292
1 0.42676 0.52441 0.057292 0.057292
1 0.40332 0.53516 0.057292 0.057292
1 0.48047 0.62207 0.057292 0.057292
1 0.38672 0.6875 0.057292 0.057292
1 0.31934 0.5791 0.057292 0.057292
1 0.26953 0.61328 0.057292 0.057292
1 0.24023 0.55664 0.057292 0.057292
1 0.21777 0.62598 0.057292 0.057292
1 0.18945 0.64648 0.057292 0.057292
1 0.14063 0.6416 0.057292 0.057292
1 0.28125 0.70313 0.057292 0.057292
1 0.26758 0.72754 0.057292 0.057292
1 0.080078 0.66992 0.057292 0.057292
