1 0.83691 0.94043 0.057292 0.057292
1 0.86816 0.88477 0.057292 0.057292
1 0.87109 0.81543 0.057292 0.057292
1 0.76563 0.78711 0.057292 0.057292
1 0.79785 0.72656 0.057292 0.057292
1 0.79395 0.68359 0.057292 0.057292
1 0.7959 0.65234 0.057292 0.057292
1 0.94141 0.66797 0.057292 0.057292
1 0.74805 0.73633 0.057292 0.057292
1 0.72168 0.76953 0.057292 0.057292
1 0.60254 0.77148 0.057292 0.057292
1 0.55273 0.74121 0.057292 0.057292
1 0.57617 0.70898 0.057292 0.057292
1 0.55273 0.61914 0.057292 0.057292
1 0.50391 0.5752 0.057292 0.057292
1 0.40137 0.61523 0.057292 0.057292
1 0.37109 0.57422 0.057292 0.057292
1 0.45508 0.50684 0.057292 0.057292
1 0.42383 0.49707 0.057292 0.057292
1 0.29785 0.5 0.057292 0.057292
1 0.36426 0.44141 0.057292 0.057292
1 0.37207 0.3877 0.057292 0.057292
1 0.33203 0.37109 0.057292 0.057292
1 0.21289 0.33203 0.057292 0.057292
1 0.20117 0.30176 0.057292 0.057292
1 0.21973 0.27051 0.057292 0.057292
1 0.29297 0.30469 0.057292 0.057292
1 0.25879 0.24707 0.057292 0.057292
1 0.24609 0.2168 0.057292 0.057292
1 0.15918 0.2168 0.057292 0.057292
1 0.23047 0.17969 0.057292 0.057292
1 0.23047 0.14063 0.057292 0.057292
1 0.13086 0.13086 0.057292 0.057292
1 0.20117 0.095703 0.057292 0.057292
1 0.22266 0.05957 0.057292 0.057292
1 0.37207 0.50781 0.057292 0.057292
1 0.20313 0.19531 0.057292 0.057292
1 0.91797 0.59375 0.057292 0.057292
1 0.89063 0.53516 0.057292 0.057292
1 0.95801 0.48145 0.057292 0.057292
1 0.86035 0.40039 0.057292 0.057292
1 0.84082 0.30957 0.057292 0.057292
1 0.83691 0.25977 0.057292 0.057292
1 0.84961 0.20117 0.057292 0.057292
1 0.88965 0.30762 0.057292 0.057292
1 0.9248 0.27734 0.057292 0.057292
1 0.88477 0.13086 0.057292 0.057292
1 0.92871 0.36523 0.057292 0.057292
