1 0.37695 0.85547 0.052656 0.052656
1 0.42871 0.87012 0.052656 0.052656
1 0.35547 0.8252 0.052656 0.052656
1 0.37012 0.79688 0.052656 0.052656
1 0.46777 0.8584 0.052656 0.052656
1 0.4834 0.82813 0.052656 0.052656
1 0.43066 0.76465 0.052656 0.052656
1 0.45605 0.69531 0.052656 0.052656
1 0.51953 0.71484 0.052656 0.052656
1 0.49023 0.76074 0.052656 0.052656
1 0.4668 0.73633 0.052656 0.052656
1 0.58496 0.58398 0.052656 0.052656
1 0.48047 0.5625 0.052656 0.052656
1 0.47168 0.5 0.052656 0.052656
1 0.5625 0.48828 0.052656 0.052656
1 0.44336 0.41211 0.052656 0.052656
1 0.54492 0.41211 0.052656 0.052656
1 0.53516 0.44922 0.052656 0.052656
1 0.41016 0.28125 0.052656 0.052656
1 0.44824 0.27344 0.052656 0.052656
1 0.48438 0.24121 0.052656 0.052656
1 0.46484 0.20215 0.052656 0.052656
1 0.38867 0.23633 0.052656 0.052656
1 0.45898 0.1377 0.052656 0.052656
1 0.33887 0.14355 0.052656 0.052656
1 0.39648 0.047852 0.052656 0.052656
1 0.40723 0.0068359 0.052656 0.052656
1 0.5293 0.53906 0.052656 0.052656
