1 0.87598 0.88086 0.057292 0.057292
1 0.84375 0.83301 0.057292 0.057292
1 0.81152 0.83984 0.057292 0.057292
1 0.78027 0.71582 0.057292 0.057292
1 0.7334 0.71387 0.057292 0.057292
1 0.68652 0.78516 0.057292 0.057292
1 0.64355 0.75195 0.057292 0.057292
1 0.56641 0.7002 0.057292 0.057292
1 0.57422 0.60938 0.057292 0.057292
1 0.58203 0.58594 0.057292 0.057292
1 0.52832 0.53418 0.057292 0.057292
1 0.51074 0.69043 0.057292 0.057292
1 0.43848 0.63965 0.057292 0.057292
1 0.4668 0.61914 0.057292 0.057292
1 0.45898 0.5918 0.057292 0.057292
1 0.42871 0.57031 0.057292 0.057292
1 0.45215 0.52051 0.057292 0.057292
1 0.41406 0.48438 0.057292 0.057292
1 0.38672 0.37988 0.057292 0.057292
1 0.30566 0.39941 0.057292 0.057292
1 0.28418 0.28906 0.057292 0.057292
1 0.35254 0.28613 0.057292 0.057292
1 0.25684 0.24023 0.057292 0.057292
1 0.30859 0.19043 0.057292 0.057292
1 0.36719 0.47754 0.057292 0.057292
1 0.35352 0.51563 0.057292 0.057292
1 0.2627 0.51074 0.057292 0.057292
1 0.27832 0.44531 0.057292 0.057292
1 0.19043 0.47266 0.057292 0.057292
1 0.24121 0.41602 0.057292 0.057292
1 0.16406 0.36133 0.057292 0.057292
1 0.14063 0.39551 0.057292 0.057292
1 0.12891 0.42285 0.057292 0.057292
1 0.075195 0.43066 0.057292 0.057292
1 0.10352 0.32129 0.057292 0.057292
1 0.041992 0.32715 0.057292 0.057292
