1 0.21289 0.24805 0.063542 0.063542
1 0.26367 0.30273 0.063542 0.063542
1 0.33203 0.29688 0.063542 0.063542
1 0.31836 0.33594 0.063542 0.063542
1 0.39063 0.29492 0.063542 0.063542
1 0.35547 0.4082 0.063542 0.063542
1 0.35352 0.48438 0.063542 0.063542
1 0.38281 0.49805 0.063542 0.063542
1 0.41406 0.54102 0.063542 0.063542
1 0.41016 0.4043 0.063542 0.063542
1 0.45117 0.39063 0.063542 0.063542
1 0.51953 0.50781 0.063542 0.063542
1 0.4707 0.58008 0.063542 0.063542
1 0.4082 0.48828 0.063542 0.063542
1 0.4707 0.76758 0.063542 0.063542
1 0.46289 0.6543 0.063542 0.063542
1 0.50586 0.62109 0.063542 0.063542
1 0.55859 0.70117 0.063542 0.063542
1 0.57617 0.76758 0.063542 0.063542
1 0.64453 0.62305 0.063542 0.063542
1 0.6582 0.55859 0.063542 0.063542
1 0.64063 0.77539 0.063542 0.063542
1 0.73047 0.63086 0.063542 0.063542
1 0.75 0.66016 0.063542 0.063542
1 0.69141 0.69141 0.063542 0.063542
