1 0.11621 0.20898 0.057292 0.057292
1 0.14063 0.21289 0.057292 0.057292
1 0.15332 0.24707 0.057292 0.057292
1 0.22363 0.15723 0.057292 0.057292
1 0.26563 0.14355 0.057292 0.057292
1 0.28223 0.17383 0.057292 0.057292
1 0.3584 0.16992 0.057292 0.057292
1 0.36523 0.20605 0.057292 0.057292
1 0.32031 0.28125 0.057292 0.057292
1 0.4082 0.33691 0.057292 0.057292
1 0.41211 0.30957 0.057292 0.057292
1 0.43945 0.23145 0.057292 0.057292
1 0.46582 0.25488 0.057292 0.057292
1 0.45313 0.3252 0.057292 0.057292
1 0.47461 0.40039 0.057292 0.057292
1 0.55469 0.26172 0.057292 0.057292
1 0.5752 0.28906 0.057292 0.057292
1 0.51563 0.38477 0.057292 0.057292
1 0.60938 0.40039 0.057292 0.057292
1 0.66699 0.40234 0.057292 0.057292
1 0.66602 0.36328 0.057292 0.057292
1 0.66895 0.44531 0.057292 0.057292
1 0.72363 0.49121 0.057292 0.057292
1 0.74609 0.49121 0.057292 0.057292
1 0.75293 0.43848 0.057292 0.057292
1 0.78418 0.56543 0.057292 0.057292
1 0.7959 0.45313 0.057292 0.057292
1 0.21973 0.29395 0.057292 0.057292
1 0.27148 0.27051 0.057292 0.057292
1 0.29004 0.29395 0.057292 0.057292
1 0.2373 0.32715 0.057292 0.057292
1 0.22852 0.41406 0.057292 0.057292
1 0.30664 0.38965 0.057292 0.057292
1 0.3125 0.41895 0.057292 0.057292
1 0.2334 0.4541 0.057292 0.057292
1 0.27441 0.49707 0.057292 0.057292
1 0.2627 0.68848 0.057292 0.057292
1 0.3252 0.6748 0.057292 0.057292
1 0.27148 0.60645 0.057292 0.057292
1 0.34961 0.81348 0.057292 0.057292
