1 0.28223 0.084961 0.057292 0.057292
1 0.38379 0.12305 0.057292 0.057292
1 0.41504 0.17871 0.057292 0.057292
1 0.30176 0.16895 0.057292 0.057292
1 0.43066 0.22754 0.057292 0.057292
1 0.3916 0.25684 0.057292 0.057292
1 0.47363 0.25488 0.057292 0.057292
1 0.53613 0.37207 0.057292 0.057292
1 0.47754 0.33105 0.057292 0.057292
1 0.53223 0.33398 0.057292 0.057292
1 0.52832 0.28125 0.057292 0.057292
1 0.43262 0.44629 0.057292 0.057292
1 0.53223 0.42285 0.057292 0.057292
1 0.53223 0.47754 0.057292 0.057292
1 0.52246 0.50391 0.057292 0.057292
1 0.58301 0.52832 0.057292 0.057292
1 0.47363 0.54395 0.057292 0.057292
1 0.54004 0.58496 0.057292 0.057292
1 0.49707 0.60449 0.057292 0.057292
1 0.52051 0.64355 0.057292 0.057292
1 0.57129 0.62012 0.057292 0.057292
1 0.56934 0.7041 0.057292 0.057292
1 0.58887 0.67871 0.057292 0.057292
1 0.55566 0.79004 0.057292 0.057292
1 0.58887 0.75293 0.057292 0.057292
1 0.65527 0.77832 0.057292 0.057292
1 0.67285 0.79785 0.057292 0.057292
1 0.62598 0.83887 0.057292 0.057292
1 0.61621 0.89941 0.057292 0.057292
1 0.66113 0.84082 0.057292 0.057292
1 0.66895 0.89063 0.057292 0.057292
1 0.69238 0.88574 0.057292 0.057292
1 0.68848 0.92285 0.057292 0.057292
1 0.7627 0.96875 0.057292 0.057292
