1 0.65723 0.85059 0.057292 0.057292
1 0.68164 0.78906 0.057292 0.057292
1 0.5752 0.77734 0.057292 0.057292
1 0.64063 0.71875 0.057292 0.057292
1 0.56055 0.5752 0.057292 0.057292
1 0.5332 0.48438 0.057292 0.057292
1 0.50684 0.46777 0.057292 0.057292
1 0.35352 0.50488 0.057292 0.057292
1 0.3291 0.34375 0.057292 0.057292
1 0.24707 0.39746 0.057292 0.057292
1 0.25293 0.28613 0.057292 0.057292
1 0.22266 0.24902 0.057292 0.057292
1 0.18164 0.27148 0.057292 0.057292
1 0.13379 0.21875 0.057292 0.057292
1 0.16992 0.15918 0.057292 0.057292
1 0.086914 0.14258 0.057292 0.057292
1 0.12793 0.11523 0.057292 0.057292
1 0.11328 0.082031 0.057292 0.057292
1 0.061523 0.036133 0.057292 0.057292
