1 0.8623 0.83984 0.057292 0.057292
1 0.83008 0.79199 0.057292 0.057292
1 0.79785 0.79883 0.057292 0.057292
1 0.7666 0.6748 0.057292 0.057292
1 0.71973 0.67285 0.057292 0.057292
1 0.67285 0.74414 0.057292 0.057292
1 0.62988 0.71094 0.057292 0.057292
1 0.55273 0.65918 0.057292 0.057292
1 0.56055 0.56836 0.057292 0.057292
1 0.56836 0.54492 0.057292 0.057292
1 0.51465 0.49316 0.057292 0.057292
1 0.49707 0.64941 0.057292 0.057292
1 0.4248 0.59863 0.057292 0.057292
1 0.45313 0.57813 0.057292 0.057292
1 0.44531 0.55078 0.057292 0.057292
1 0.41504 0.5293 0.057292 0.057292
1 0.43848 0.47949 0.057292 0.057292
1 0.40039 0.44336 0.057292 0.057292
1 0.37305 0.33887 0.057292 0.057292
1 0.29199 0.3584 0.057292 0.057292
1 0.27051 0.24805 0.057292 0.057292
1 0.33887 0.24512 0.057292 0.057292
1 0.24316 0.19922 0.057292 0.057292
1 0.29492 0.14941 0.057292 0.057292
1 0.35352 0.43652 0.057292 0.057292
1 0.33984 0.47461 0.057292 0.057292
1 0.24902 0.46973 0.057292 0.057292
1 0.26465 0.4043 0.057292 0.057292
1 0.17676 0.43164 0.057292 0.057292
1 0.22754 0.375 0.057292 0.057292
1 0.15039 0.32031 0.057292 0.057292
1 0.12695 0.35449 0.057292 0.057292
1 0.11523 0.38184 0.057292 0.057292
1 0.061523 0.38965 0.057292 0.057292
1 0.089844 0.28027 0.057292 0.057292
1 0.02832 0.28613 0.057292 0.057292
