1 0.9209 0.53125 0.057292 0.057292
1 0.90332 0.5 0.057292 0.057292
1 0.94727 0.44922 0.057292 0.057292
1 0.85645 0.43359 0.057292 0.057292
1 0.83496 0.50195 0.057292 0.057292
1 0.80957 0.42969 0.057292 0.057292
1 0.75781 0.45508 0.057292 0.057292
1 0.71973 0.40332 0.057292 0.057292
1 0.7002 0.42969 0.057292 0.057292
1 0.76758 0.53516 0.057292 0.057292
1 0.73535 0.52344 0.057292 0.057292
1 0.70215 0.52734 0.057292 0.057292
1 0.64648 0.55273 0.057292 0.057292
1 0.63086 0.58203 0.057292 0.057292
1 0.58008 0.5293 0.057292 0.057292
1 0.5625 0.54785 0.057292 0.057292
1 0.54785 0.46582 0.057292 0.057292
1 0.52734 0.37305 0.057292 0.057292
1 0.49121 0.53125 0.057292 0.057292
1 0.40039 0.42578 0.057292 0.057292
1 0.375 0.55469 0.057292 0.057292
1 0.32324 0.59277 0.057292 0.057292
1 0.25586 0.55957 0.057292 0.057292
1 0.17676 0.55371 0.057292 0.057292
1 0.19629 0.4668 0.057292 0.057292
1 0.10352 0.47559 0.057292 0.057292
1 0.043945 0.55176 0.057292 0.057292
1 0.45605 0.49707 0.057292 0.057292
1 0.15527 0.59375 0.057292 0.057292
1 0.21289 0.60156 0.057292 0.057292
1 0.26758 0.60938 0.057292 0.057292
1 0.2666 0.50879 0.057292 0.057292
1 0.29883 0.50781 0.057292 0.057292
1 0.035156 0.61133 0.057292 0.057292
