1 0.049805 0.77441 0.057292 0.057292
1 0.052734 0.80957 0.057292 0.057292
1 0.1543 0.88867 0.057292 0.057292
1 0.14551 0.77637 0.057292 0.057292
1 0.24902 0.81738 0.057292 0.057292
1 0.28223 0.7666 0.057292 0.057292
1 0.2627 0.70898 0.057292 0.057292
1 0.30566 0.69922 0.057292 0.057292
1 0.33496 0.76758 0.057292 0.057292
1 0.31055 0.80859 0.057292 0.057292
1 0.36523 0.61816 0.057292 0.057292
1 0.38574 0.56934 0.057292 0.057292
1 0.45801 0.62988 0.057292 0.057292
1 0.53809 0.40918 0.057292 0.057292
1 0.5625 0.37305 0.057292 0.057292
1 0.60547 0.34668 0.057292 0.057292
1 0.59766 0.30859 0.057292 0.057292
1 0.53223 0.23535 0.057292 0.057292
1 0.58594 0.21191 0.057292 0.057292
1 0.36328 0.79883 0.057292 0.057292
1 0.43262 0.73633 0.057292 0.057292
1 0.48535 0.70117 0.057292 0.057292
1 0.48828 0.74414 0.057292 0.057292
1 0.52441 0.69434 0.057292 0.057292
1 0.65234 0.63867 0.057292 0.057292
1 0.7666 0.63477 0.057292 0.057292
1 0.80176 0.62305 0.057292 0.057292
1 0.8457 0.625 0.057292 0.057292
1 0.89453 0.71387 0.057292 0.057292
