1 0.19531 0.12305 0.057292 0.057292
1 0.32227 0.15723 0.057292 0.057292
1 0.2207 0.14551 0.057292 0.057292
1 0.22754 0.18164 0.057292 0.057292
1 0.34473 0.21973 0.057292 0.057292
1 0.24121 0.29395 0.057292 0.057292
1 0.30273 0.31348 0.057292 0.057292
1 0.25391 0.38379 0.057292 0.057292
1 0.2666 0.34473 0.057292 0.057292
1 0.25098 0.44336 0.057292 0.057292
1 0.25879 0.49316 0.057292 0.057292
1 0.29492 0.55176 0.057292 0.057292
1 0.29883 0.47168 0.057292 0.057292
1 0.32324 0.46387 0.057292 0.057292
1 0.3418 0.49805 0.057292 0.057292
1 0.34473 0.53223 0.057292 0.057292
1 0.41797 0.66504 0.057292 0.057292
1 0.46582 0.62598 0.057292 0.057292
1 0.46973 0.75293 0.057292 0.057292
1 0.51172 0.93457 0.057292 0.057292
1 0.62988 0.86914 0.057292 0.057292
1 0.58301 0.84082 0.057292 0.057292
1 0.54297 0.75293 0.057292 0.057292
