1 0.2793 0.89063 0.057292 0.057292
1 0.32227 0.83496 0.057292 0.057292
1 0.34766 0.96484 0.057292 0.057292
1 0.41211 0.88086 0.057292 0.057292
1 0.43164 0.76465 0.057292 0.057292
1 0.45996 0.69531 0.057292 0.057292
1 0.42871 0.83008 0.057292 0.057292
1 0.5918 0.57129 0.057292 0.057292
1 0.54199 0.77441 0.057292 0.057292
1 0.62012 0.72461 0.057292 0.057292
1 0.67871 0.68457 0.057292 0.057292
1 0.74219 0.66113 0.057292 0.057292
1 0.76758 0.50781 0.057292 0.057292
1 0.69043 0.44727 0.057292 0.057292
1 0.5625 0.44238 0.057292 0.057292
1 0.42188 0.31055 0.057292 0.057292
1 0.39063 0.25488 0.057292 0.057292
1 0.37012 0.19336 0.057292 0.057292
1 0.34863 0.15918 0.057292 0.057292
1 0.29004 0.097656 0.057292 0.057292
1 0.42871 0.074219 0.057292 0.057292
1 0.43555 0.16797 0.057292 0.057292
1 0.48535 0.34082 0.057292 0.057292
1 0.48242 0.22852 0.057292 0.057292
