1 0.94531 0.69727 0.054688 0.054688
1 0.82813 0.71094 0.054688 0.054688
1 0.82422 0.53906 0.054688 0.054688
1 0.68457 0.59277 0.054688 0.054688
1 0.61328 0.54102 0.054688 0.054688
1 0.67383 0.44336 0.054688 0.054688
1 0.60156 0.42383 0.054688 0.054688
1 0.5498 0.5293 0.054688 0.054688
1 0.49219 0.50391 0.054688 0.054688
1 0.50977 0.44336 0.054688 0.054688
1 0.4375 0.40137 0.054688 0.054688
1 0.37305 0.49512 0.054688 0.054688
1 0.36133 0.46387 0.054688 0.054688
1 0.26563 0.48633 0.054688 0.054688
1 0.26367 0.4375 0.054688 0.054688
1 0.29395 0.44141 0.054688 0.054688
1 0.32324 0.38574 0.054688 0.054688
1 0.28809 0.35645 0.054688 0.054688
1 0.21875 0.33984 0.054688 0.054688
1 0.14063 0.37305 0.054688 0.054688
1 0.053711 0.33008 0.054688 0.054688
1 0.13086 0.2666 0.054688 0.054688
1 0.075195 0.25195 0.054688 0.054688
1 0.064453 0.2207 0.054688 0.054688
1 0.84277 0.81738 0.054688 0.054688
