1 0.90918 0.28809 0.057292 0.057292
1 0.8916 0.41113 0.057292 0.057292
1 0.84375 0.29785 0.057292 0.057292
1 0.80176 0.29199 0.057292 0.057292
1 0.875 0.38086 0.057292 0.057292
1 0.83887 0.38281 0.057292 0.057292
1 0.79102 0.4043 0.057292 0.057292
1 0.78027 0.31836 0.057292 0.057292
1 0.73047 0.32813 0.057292 0.057292
1 0.69727 0.36523 0.057292 0.057292
1 0.7207 0.41797 0.057292 0.057292
1 0.69043 0.45703 0.057292 0.057292
1 0.65625 0.35254 0.057292 0.057292
1 0.61426 0.33789 0.057292 0.057292
1 0.5 0.41016 0.057292 0.057292
1 0.52148 0.48242 0.057292 0.057292
1 0.44336 0.50781 0.057292 0.057292
1 0.43652 0.56348 0.057292 0.057292
1 0.39648 0.55566 0.057292 0.057292
1 0.33496 0.59668 0.057292 0.057292
1 0.29785 0.66211 0.057292 0.057292
1 0.25098 0.65918 0.057292 0.057292
1 0.23633 0.60938 0.057292 0.057292
1 0.20313 0.75 0.057292 0.057292
1 0.13965 0.77344 0.057292 0.057292
1 0.13281 0.72852 0.057292 0.057292
1 0.09668 0.72754 0.057292 0.057292
1 0.043945 0.70313 0.057292 0.057292
1 0.088867 0.62109 0.057292 0.057292
1 0.20703 0.57617 0.057292 0.057292
1 0.16992 0.58789 0.057292 0.057292
1 0.72168 0.14648 0.057292 0.057292
1 0.7168 0.24219 0.057292 0.057292
1 0.64941 0.25391 0.057292 0.057292
1 0.58203 0.20703 0.057292 0.057292
1 0.51953 0.22949 0.057292 0.057292
1 0.54199 0.35742 0.057292 0.057292
1 0.40723 0.35254 0.057292 0.057292
1 0.44434 0.43359 0.057292 0.057292
1 0.41406 0.41797 0.057292 0.057292
1 0.26172 0.5 0.057292 0.057292
1 0.29395 0.49121 0.057292 0.057292
