1 0.61816 0.67285 0.057292 0.057292
1 0.59766 0.64551 0.057292 0.057292
1 0.59277 0.6123 0.057292 0.057292
1 0.54199 0.53809 0.057292 0.057292
1 0.46387 0.37207 0.057292 0.057292
1 0.42871 0.38477 0.057292 0.057292
1 0.41895 0.2666 0.057292 0.057292
1 0.3584 0.21973 0.057292 0.057292
1 0.34277 0.19238 0.057292 0.057292
1 0.65527 0.7373 0.057292 0.057292
1 0.7041 0.76758 0.057292 0.057292
1 0.71191 0.79785 0.057292 0.057292
1 0.73926 0.83594 0.057292 0.057292
1 0.76074 0.85645 0.057292 0.057292
1 0.70605 0.88574 0.057292 0.057292
1 0.81543 0.91504 0.057292 0.057292
1 0.8877 0.96582 0.057292 0.057292
1 0.78809 0.74902 0.057292 0.057292
1 0.80176 0.75684 0.057292 0.057292
1 0.37793 0.47168 0.057292 0.057292
1 0.66895 0.79785 0.057292 0.057292
1 0.59473 0.70996 0.057292 0.057292
1 0.30371 0.24707 0.057292 0.057292
1 0.51465 0.74219 0.057292 0.057292
1 0.5127 0.71191 0.057292 0.057292
1 0.48926 0.68848 0.057292 0.057292
1 0.37598 0.60938 0.057292 0.057292
1 0.35449 0.64551 0.057292 0.057292
1 0.39355 0.69434 0.057292 0.057292
1 0.4209 0.73535 0.057292 0.057292
