1 0.26465 0.38672 0.054688 0.054688
1 0.32617 0.36914 0.054688 0.054688
1 0.31641 0.41895 0.054688 0.054688
1 0.40137 0.37109 0.054688 0.054688
1 0.43848 0.37207 0.054688 0.054688
1 0.40723 0.41113 0.054688 0.054688
1 0.40723 0.44434 0.054688 0.054688
1 0.44336 0.43652 0.054688 0.054688
1 0.49512 0.43066 0.054688 0.054688
1 0.57031 0.44238 0.054688 0.054688
1 0.57031 0.36133 0.054688 0.054688
1 0.61719 0.38184 0.054688 0.054688
1 0.70898 0.46191 0.054688 0.054688
1 0.45508 0.47559 0.054688 0.054688
1 0.24023 0.48438 0.054688 0.054688
1 0.25488 0.51758 0.054688 0.054688
1 0.31055 0.49609 0.054688 0.054688
1 0.36035 0.49902 0.054688 0.054688
1 0.36328 0.56836 0.054688 0.054688
1 0.38379 0.59375 0.054688 0.054688
1 0.30078 0.65332 0.054688 0.054688
1 0.37988 0.63867 0.054688 0.054688
1 0.34375 0.68945 0.054688 0.054688
