1 0.85742 0.19922 0.057292 0.057292
1 0.77051 0.27246 0.057292 0.057292
1 0.6084 0.21484 0.057292 0.057292
1 0.60547 0.25391 0.057292 0.057292
1 0.58691 0.30078 0.057292 0.057292
1 0.54883 0.30078 0.057292 0.057292
1 0.54297 0.34863 0.057292 0.057292
1 0.48242 0.32617 0.057292 0.057292
1 0.5127 0.43555 0.057292 0.057292
1 0.39844 0.4082 0.057292 0.057292
1 0.39648 0.4668 0.057292 0.057292
1 0.4209 0.49805 0.057292 0.057292
1 0.3877 0.53418 0.057292 0.057292
1 0.3291 0.62891 0.057292 0.057292
1 0.29395 0.60742 0.057292 0.057292
