1 0.91016 0.73438 0.054688 0.054688
1 0.79297 0.74805 0.054688 0.054688
1 0.78906 0.57617 0.054688 0.054688
1 0.64941 0.62988 0.054688 0.054688
1 0.57813 0.57813 0.054688 0.054688
1 0.63867 0.48047 0.054688 0.054688
1 0.56641 0.46094 0.054688 0.054688
1 0.51465 0.56641 0.054688 0.054688
1 0.45703 0.54297 0.054688 0.054688
1 0.47461 0.48047 0.054688 0.054688
1 0.40234 0.43848 0.054688 0.054688
1 0.33789 0.53223 0.054688 0.054688
1 0.32617 0.50098 0.054688 0.054688
1 0.23047 0.52344 0.054688 0.054688
1 0.22852 0.47461 0.054688 0.054688
1 0.25879 0.47852 0.054688 0.054688
1 0.28809 0.42285 0.054688 0.054688
1 0.25293 0.39355 0.054688 0.054688
1 0.18164 0.36914 0.054688 0.054688
1 0.10547 0.41016 0.054688 0.054688
1 0.018555 0.36719 0.054688 0.054688
1 0.095703 0.30371 0.054688 0.054688
1 0.040039 0.28906 0.054688 0.054688
1 0.029297 0.25781 0.054688 0.054688
1 0.80762 0.85449 0.054688 0.054688
