1 0.095703 0.34961 0.063542 0.063542
1 0.24414 0.36523 0.063542 0.063542
1 0.30078 0.38086 0.063542 0.063542
1 0.25 0.43164 0.063542 0.063542
1 0.30273 0.43164 0.063542 0.063542
1 0.4043 0.45508 0.063542 0.063542
1 0.41602 0.38477 0.063542 0.063542
1 0.44141 0.33594 0.063542 0.063542
1 0.54883 0.4668 0.063542 0.063542
1 0.56836 0.44531 0.063542 0.063542
1 0.51758 0.37109 0.063542 0.063542
1 0.54883 0.37305 0.063542 0.063542
1 0.63477 0.41406 0.063542 0.063542
1 0.65625 0.42969 0.063542 0.063542
1 0.71094 0.46289 0.063542 0.063542
1 0.76563 0.48047 0.063542 0.063542
1 0.77344 0.5293 0.063542 0.063542
1 0.85156 0.5332 0.063542 0.063542
1 0.90234 0.59961 0.063542 0.063542
1 0.83789 0.63477 0.063542 0.063542
1 0.89258 0.68555 0.063542 0.063542
