1 0.76074 0.098633 0.057292 0.057292
1 0.66309 0.14746 0.057292 0.057292
1 0.53613 0.13574 0.057292 0.057292
1 0.53027 0.19043 0.057292 0.057292
1 0.51855 0.21973 0.057292 0.057292
1 0.53027 0.2666 0.057292 0.057292
1 0.63574 0.25293 0.057292 0.057292
1 0.44043 0.41895 0.057292 0.057292
1 0.4541 0.44434 0.057292 0.057292
1 0.55957 0.47363 0.057292 0.057292
1 0.56152 0.41895 0.057292 0.057292
1 0.53027 0.58203 0.057292 0.057292
1 0.37402 0.48145 0.057292 0.057292
1 0.36621 0.65723 0.057292 0.057292
1 0.36621 0.68457 0.057292 0.057292
1 0.42871 0.80176 0.057292 0.057292
1 0.31934 0.77246 0.057292 0.057292
1 0.33301 0.81543 0.057292 0.057292
1 0.27637 0.83496 0.057292 0.057292
1 0.24512 0.86035 0.057292 0.057292
1 0.23926 0.90723 0.057292 0.057292
1 0.40527 0.90625 0.057292 0.057292
1 0.4502 0.90723 0.057292 0.057292
1 0.40332 0.8584 0.057292 0.057292
1 0.57715 0.53125 0.057292 0.057292
1 0.60059 0.40723 0.057292 0.057292
1 0.45996 0.31445 0.057292 0.057292
