1 0.2334 0.43555 0.057292 0.057292
1 0.14844 0.48438 0.057292 0.057292
1 0.19531 0.54395 0.057292 0.057292
1 0.23145 0.52832 0.057292 0.057292
1 0.16504 0.41797 0.057292 0.057292
1 0.2002 0.39063 0.057292 0.057292
1 0.2793 0.45801 0.057292 0.057292
1 0.27734 0.42969 0.057292 0.057292
1 0.33008 0.41113 0.057292 0.057292
1 0.26855 0.33789 0.057292 0.057292
1 0.34277 0.37305 0.057292 0.057292
1 0.36035 0.29102 0.057292 0.057292
1 0.39941 0.34668 0.057292 0.057292
1 0.44434 0.33203 0.057292 0.057292
1 0.46387 0.23145 0.057292 0.057292
1 0.51074 0.23047 0.057292 0.057292
1 0.51367 0.3252 0.057292 0.057292
1 0.55078 0.2207 0.057292 0.057292
1 0.60449 0.18848 0.057292 0.057292
1 0.61523 0.20801 0.057292 0.057292
1 0.66797 0.19531 0.057292 0.057292
1 0.70898 0.18457 0.057292 0.057292
1 0.75488 0.24609 0.057292 0.057292
1 0.79492 0.26953 0.057292 0.057292
1 0.83398 0.15723 0.057292 0.057292
1 0.8916 0.27832 0.057292 0.057292
1 0.93457 0.22754 0.057292 0.057292
1 0.22559 0.67773 0.057292 0.057292
1 0.2373 0.72754 0.057292 0.057292
1 0.24805 0.75293 0.057292 0.057292
1 0.27539 0.73438 0.057292 0.057292
1 0.26758 0.66504 0.057292 0.057292
1 0.30371 0.66016 0.057292 0.057292
1 0.35938 0.68359 0.057292 0.057292
1 0.41504 0.66699 0.057292 0.057292
1 0.41113 0.71777 0.057292 0.057292
1 0.43164 0.7627 0.057292 0.057292
1 0.4707 0.7002 0.057292 0.057292
1 0.50195 0.73828 0.057292 0.057292
1 0.5293 0.72168 0.057292 0.057292
1 0.58594 0.77441 0.057292 0.057292
1 0.58594 0.85449 0.057292 0.057292
