1 0.56738 0.071289 0.057292 0.057292
1 0.73535 0.02832 0.057292 0.057292
1 0.64551 0.1748 0.057292 0.057292
1 0.6416 0.24512 0.057292 0.057292
1 0.58105 0.30371 0.057292 0.057292
1 0.61621 0.30957 0.057292 0.057292
1 0.66504 0.34668 0.057292 0.057292
1 0.56152 0.37012 0.057292 0.057292
1 0.56738 0.51855 0.057292 0.057292
1 0.52246 0.52051 0.057292 0.057292
1 0.54395 0.58105 0.057292 0.057292
1 0.60254 0.60059 0.057292 0.057292
1 0.62598 0.62598 0.057292 0.057292
1 0.61816 0.71387 0.057292 0.057292
1 0.71582 0.50684 0.057292 0.057292
1 0.68457 0.46387 0.057292 0.057292
1 0.65332 0.42871 0.057292 0.057292
1 0.64551 0.5498 0.057292 0.057292
1 0.46582 0.69629 0.057292 0.057292
1 0.42676 0.66895 0.057292 0.057292
1 0.50098 0.5918 0.057292 0.057292
1 0.5127 0.65137 0.057292 0.057292
1 0.46191 0.97754 0.057292 0.057292
1 0.45215 0.90527 0.057292 0.057292
1 0.33691 0.46387 0.057292 0.057292
1 0.35645 0.41992 0.057292 0.057292
1 0.29004 0.40137 0.057292 0.057292
1 0.31738 0.34863 0.057292 0.057292
1 0.27051 0.24121 0.057292 0.057292
1 0.23145 0.21387 0.057292 0.057292
1 0.34863 0.17871 0.057292 0.057292
1 0.34473 0.28125 0.057292 0.057292
