1 0.46289 0.16113 0.057292 0.057292
1 0.37402 0.18652 0.057292 0.057292
1 0.58008 0.14453 0.057292 0.057292
1 0.56738 0.11719 0.057292 0.057292
1 0.54785 0.2002 0.057292 0.057292
1 0.5791 0.20215 0.057292 0.057292
1 0.46973 0.20703 0.057292 0.057292
1 0.47852 0.12891 0.057292 0.057292
1 0.42188 0.13672 0.057292 0.057292
1 0.40332 0.27051 0.057292 0.057292
1 0.29688 0.21777 0.057292 0.057292
1 0.35156 0.15039 0.057292 0.057292
1 0.24805 0.13281 0.057292 0.057292
1 0.22559 0.09082 0.057292 0.057292
1 0.17188 0.09668 0.057292 0.057292
1 0.66504 0.22754 0.057292 0.057292
1 0.77441 0.52246 0.057292 0.057292
1 0.79785 0.53516 0.057292 0.057292
1 0.70215 0.4541 0.057292 0.057292
1 0.54395 0.49902 0.057292 0.057292
1 0.47168 0.50098 0.057292 0.057292
1 0.52051 0.58887 0.057292 0.057292
1 0.5498 0.5957 0.057292 0.057292
1 0.72168 0.57031 0.057292 0.057292
1 0.68848 0.60547 0.057292 0.057292
1 0.625 0.62109 0.057292 0.057292
1 0.66504 0.66797 0.057292 0.057292
1 0.65039 0.70313 0.057292 0.057292
1 0.61523 0.79297 0.057292 0.057292
1 0.58496 0.79395 0.057292 0.057292
1 0.59766 0.75488 0.057292 0.057292
1 0.50195 0.80957 0.057292 0.057292
1 0.55957 0.84082 0.057292 0.057292
1 0.47461 0.85938 0.057292 0.057292
1 0.45508 0.92578 0.057292 0.057292
1 0.5752 0.66211 0.057292 0.057292
