1 0.56836 0.046875 0.063542 0.063542
1 0.60938 0.11719 0.063542 0.063542
1 0.6543 0.095703 0.063542 0.063542
1 0.67578 0.2793 0.063542 0.063542
1 0.69727 0.27148 0.063542 0.063542
1 0.74219 0.41797 0.063542 0.063542
1 0.80469 0.29102 0.063542 0.063542
1 0.8418 0.34766 0.063542 0.063542
1 0.79883 0.35938 0.063542 0.063542
1 0.88867 0.41406 0.063542 0.063542
1 0.8418 0.45703 0.063542 0.063542
1 0.86523 0.48242 0.063542 0.063542
1 0.88281 0.56445 0.063542 0.063542
1 0.9082 0.52539 0.063542 0.063542
1 0.89844 0.47461 0.063542 0.063542
1 0.54297 0.53516 0.063542 0.063542
1 0.55273 0.62109 0.063542 0.063542
1 0.58984 0.60547 0.063542 0.063542
1 0.60352 0.68164 0.063542 0.063542
1 0.68555 0.66406 0.063542 0.063542
1 0.61719 0.75391 0.063542 0.063542
1 0.66406 0.86133 0.063542 0.063542
1 0.68945 0.80273 0.063542 0.063542
1 0.7168 0.76172 0.063542 0.063542
1 0.69922 0.87695 0.063542 0.063542
1 0.72266 0.92578 0.063542 0.063542
1 0.78516 0.7832 0.063542 0.063542
1 0.79492 0.83398 0.063542 0.063542
1 0.83203 0.85547 0.063542 0.063542
1 0.78906 0.93359 0.063542 0.063542
1 0.82617 0.92188 0.063542 0.063542
1 0.87305 0.9082 0.063542 0.063542
1 0.91016 0.98242 0.063542 0.063542
1 0.12305 0.10547 0.063542 0.063542
1 0.13672 0.3457 0.063542 0.063542
1 0.14453 0.42383 0.063542 0.063542
1 0.17383 0.39648 0.063542 0.063542
1 0.11719 0.48047 0.063542 0.063542
1 0.11719 0.56055 0.063542 0.063542
1 0.22852 0.57422 0.063542 0.063542
1 0.26563 0.51953 0.063542 0.063542
1 0.23633 0.48242 0.063542 0.063542
1 0.30469 0.58398 0.063542 0.063542
1 0.30273 0.63281 0.063542 0.063542
1 0.30273 0.69141 0.063542 0.063542
1 0.35352 0.58398 0.063542 0.063542
1 0.39648 0.75781 0.063542 0.063542
1 0.49805 0.76563 0.063542 0.063542
1 0.5 0.875 0.063542 0.063542
1 0.23438 0.35156 0.063542 0.063542
1 0.23828 0.32227 0.063542 0.063542
