1 0.94531 0.35742 0.057292 0.057292
1 0.85352 0.41406 0.057292 0.057292
1 0.82617 0.44434 0.057292 0.057292
1 0.87012 0.4668 0.057292 0.057292
1 0.76855 0.45117 0.057292 0.057292
1 0.73047 0.48633 0.057292 0.057292
1 0.76367 0.50781 0.057292 0.057292
1 0.8418 0.58691 0.057292 0.057292
1 0.77051 0.55273 0.057292 0.057292
1 0.8584 0.66016 0.057292 0.057292
1 0.70508 0.66699 0.057292 0.057292
1 0.7998 0.76758 0.057292 0.057292
1 0.66113 0.76758 0.057292 0.057292
1 0.7627 0.83398 0.057292 0.057292
1 0.74219 0.86816 0.057292 0.057292
1 0.61328 0.95508 0.057292 0.057292
1 0.83008 0.36133 0.057292 0.057292
1 0.79785 0.34766 0.057292 0.057292
1 0.78125 0.27734 0.057292 0.057292
1 0.68555 0.26465 0.057292 0.057292
1 0.61426 0.25586 0.057292 0.057292
1 0.46777 0.23242 0.057292 0.057292
1 0.44238 0.25391 0.057292 0.057292
1 0.42871 0.17676 0.057292 0.057292
1 0.40625 0.30273 0.057292 0.057292
1 0.34961 0.27441 0.057292 0.057292
1 0.33008 0.29688 0.057292 0.057292
1 0.34082 0.23242 0.057292 0.057292
1 0.27539 0.27539 0.057292 0.057292
1 0.2041 0.22559 0.057292 0.057292
1 0.14941 0.2832 0.057292 0.057292
1 0.085938 0.29395 0.057292 0.057292
