1 0.93652 0.78613 0.057292 0.057292
1 0.91211 0.83594 0.057292 0.057292
1 0.87305 0.87988 0.057292 0.057292
1 0.91406 0.87598 0.057292 0.057292
1 0.9375 0.90723 0.057292 0.057292
1 0.8291 0.88281 0.057292 0.057292
1 0.80469 0.9502 0.057292 0.057292
1 0.76172 0.93359 0.057292 0.057292
1 0.63965 0.8291 0.057292 0.057292
1 0.62305 0.79395 0.057292 0.057292
1 0.66113 0.76074 0.057292 0.057292
1 0.61328 0.70117 0.057292 0.057292
1 0.58301 0.67676 0.057292 0.057292
1 0.5625 0.65625 0.057292 0.057292
1 0.51758 0.62988 0.057292 0.057292
1 0.47168 0.60547 0.057292 0.057292
1 0.45508 0.69824 0.057292 0.057292
1 0.40625 0.59863 0.057292 0.057292
1 0.3291 0.6084 0.057292 0.057292
1 0.35059 0.58203 0.057292 0.057292
1 0.30078 0.57129 0.057292 0.057292
1 0.27539 0.55957 0.057292 0.057292
1 0.31348 0.51465 0.057292 0.057292
1 0.25098 0.50098 0.057292 0.057292
1 0.21777 0.47363 0.057292 0.057292
1 0.19043 0.45898 0.057292 0.057292
1 0.1709 0.40625 0.057292 0.057292
1 0.16406 0.37109 0.057292 0.057292
1 0.22656 0.39941 0.057292 0.057292
1 0.22559 0.3457 0.057292 0.057292
1 0.16406 0.13574 0.057292 0.057292
1 0.1582 0.098633 0.057292 0.057292
1 0.23438 0.18848 0.057292 0.057292
1 0.24414 0.22363 0.057292 0.057292
1 0.22754 0.27344 0.057292 0.057292
1 0.1709 0.24512 0.057292 0.057292
1 0.33789 0.53613 0.057292 0.057292
1 0.53027 0.67578 0.057292 0.057292
