1 0.18359 0.47266 0.063542 0.063542
1 0.25586 0.57227 0.063542 0.063542
1 0.30078 0.42578 0.063542 0.063542
1 0.44336 0.4375 0.063542 0.063542
1 0.56641 0.45508 0.063542 0.063542
1 0.6582 0.46484 0.063542 0.063542
1 0.63281 0.54102 0.063542 0.063542
1 0.66992 0.56641 0.063542 0.063542
1 0.68164 0.58984 0.063542 0.063542
1 0.76367 0.62891 0.063542 0.063542
1 0.79492 0.63086 0.063542 0.063542
1 0.80469 0.56836 0.063542 0.063542
1 0.85547 0.60156 0.063542 0.063542
1 0.76367 0.54883 0.063542 0.063542
1 0.91406 0.78711 0.063542 0.063542
1 0.88281 0.61523 0.063542 0.063542
1 0.41406 0.88477 0.063542 0.063542
1 0.43555 0.70703 0.063542 0.063542
1 0.39453 0.64648 0.063542 0.063542
1 0.375 0.62109 0.063542 0.063542
1 0.29492 0.66016 0.063542 0.063542
