1 0.62988 0.016602 0.057292 0.057292
1 0.60254 0.073242 0.057292 0.057292
1 0.55957 0.1416 0.057292 0.057292
1 0.59863 0.15527 0.057292 0.057292
1 0.64551 0.19434 0.057292 0.057292
1 0.50098 0.35938 0.057292 0.057292
1 0.52051 0.42676 0.057292 0.057292
1 0.6084 0.46582 0.057292 0.057292
1 0.60254 0.55469 0.057292 0.057292
1 0.58691 0.32715 0.057292 0.057292
1 0.69238 0.34473 0.057292 0.057292
1 0.78223 0.39355 0.057292 0.057292
1 0.80176 0.25879 0.057292 0.057292
1 0.80176 0.31348 0.057292 0.057292
1 0.3252 0.018555 0.057292 0.057292
1 0.21582 0.05957 0.057292 0.057292
1 0.23926 0.11816 0.057292 0.057292
1 0.25488 0.17871 0.057292 0.057292
1 0.26465 0.2334 0.057292 0.057292
1 0.33301 0.26465 0.057292 0.057292
1 0.31543 0.30566 0.057292 0.057292
1 0.3291 0.086914 0.057292 0.057292
1 0.40723 0.5127 0.057292 0.057292
1 0.47363 0.43457 0.057292 0.057292
1 0.49707 0.48926 0.057292 0.057292
1 0.43457 0.80957 0.057292 0.057292
1 0.43652 0.74707 0.057292 0.057292
1 0.45801 0.64941 0.057292 0.057292
1 0.49316 0.65723 0.057292 0.057292
1 0.52246 0.73926 0.057292 0.057292
