1 0.040039 0.50684 0.057292 0.057292
1 0.13965 0.56055 0.057292 0.057292
1 0.11816 0.52246 0.057292 0.057292
1 0.19434 0.52441 0.057292 0.057292
1 0.17676 0.40625 0.057292 0.057292
1 0.33301 0.56738 0.057292 0.057292
1 0.4502 0.44043 0.057292 0.057292
1 0.62012 0.53027 0.057292 0.057292
1 0.72363 0.61816 0.057292 0.057292
1 0.85254 0.49707 0.057292 0.057292
1 0.80176 0.50098 0.057292 0.057292
1 0.7002 0.47559 0.057292 0.057292
1 0.92676 0.48535 0.057292 0.057292
1 0.53418 0.59277 0.057292 0.057292
1 0.49902 0.50684 0.057292 0.057292
1 0.4541 0.49316 0.057292 0.057292
1 0.23926 0.43164 0.057292 0.057292
