1 0.36719 0.24609 0.063542 0.063542
1 0.42773 0.25977 0.063542 0.063542
1 0.39648 0.37109 0.063542 0.063542
1 0.43945 0.3418 0.063542 0.063542
1 0.45313 0.45117 0.063542 0.063542
1 0.47461 0.49023 0.063542 0.063542
1 0.53125 0.55664 0.063542 0.063542
1 0.48633 0.64844 0.063542 0.063542
1 0.57031 0.67773 0.063542 0.063542
1 0.52344 0.8418 0.063542 0.063542
1 0.5625 0.82617 0.063542 0.063542
1 0.60938 0.83789 0.063542 0.063542
1 0.65625 0.86719 0.063542 0.063542
1 0.61328 0.93555 0.063542 0.063542
1 0.70898 0.97852 0.063542 0.063542
1 0.80078 0.91797 0.063542 0.063542
1 0.83008 0.94531 0.063542 0.063542
1 0.43945 0.58203 0.063542 0.063542
