1 0.68457 0.95117 0.057292 0.057292
1 0.68457 0.90234 0.057292 0.057292
1 0.66699 0.86816 0.057292 0.057292
1 0.70117 0.8623 0.057292 0.057292
1 0.61328 0.875 0.057292 0.057292
1 0.625 0.82324 0.057292 0.057292
1 0.67676 0.78516 0.057292 0.057292
1 0.65527 0.75781 0.057292 0.057292
1 0.61133 0.77148 0.057292 0.057292
1 0.59375 0.73145 0.057292 0.057292
1 0.55078 0.76465 0.057292 0.057292
1 0.56543 0.68555 0.057292 0.057292
1 0.59082 0.65234 0.057292 0.057292
1 0.52832 0.62109 0.057292 0.057292
1 0.57031 0.59766 0.057292 0.057292
1 0.49805 0.58203 0.057292 0.057292
1 0.53809 0.56641 0.057292 0.057292
1 0.53418 0.52246 0.057292 0.057292
1 0.57715 0.50781 0.057292 0.057292
1 0.52344 0.48828 0.057292 0.057292
1 0.53516 0.45313 0.057292 0.057292
1 0.43457 0.42578 0.057292 0.057292
1 0.5 0.4541 0.057292 0.057292
1 0.53125 0.40332 0.057292 0.057292
1 0.53809 0.34961 0.057292 0.057292
1 0.5332 0.30566 0.057292 0.057292
1 0.53613 0.25879 0.057292 0.057292
1 0.47656 0.22852 0.057292 0.057292
1 0.39063 0.23145 0.057292 0.057292
1 0.42578 0.2041 0.057292 0.057292
1 0.41504 0.15625 0.057292 0.057292
1 0.30566 0.14941 0.057292 0.057292
1 0.38281 0.10156 0.057292 0.057292
1 0.28027 0.06543 0.057292 0.057292
