1 0.65918 0.55273 0.052651 0.052651
1 0.55469 0.55371 0.052651 0.052651
1 0.54883 0.5127 0.052651 0.052651
1 0.76855 0.43652 0.052651 0.052651
1 0.71875 0.33984 0.052651 0.052651
1 0.66895 0.37793 0.052651 0.052651
1 0.57715 0.4375 0.052651 0.052651
1 0.58105 0.31055 0.052651 0.052651
1 0.55078 0.375 0.052651 0.052651
1 0.43555 0.37695 0.052651 0.052651
1 0.49609 0.30859 0.052651 0.052651
1 0.48828 0.25098 0.052651 0.052651
1 0.42969 0.30273 0.052651 0.052651
1 0.38574 0.25391 0.052651 0.052651
