1 0.85449 0.92871 0.057292 0.057292
1 0.88574 0.87305 0.057292 0.057292
1 0.88867 0.80371 0.057292 0.057292
1 0.7832 0.77539 0.057292 0.057292
1 0.81543 0.71484 0.057292 0.057292
1 0.81152 0.67188 0.057292 0.057292
1 0.81348 0.64063 0.057292 0.057292
1 0.95898 0.65625 0.057292 0.057292
1 0.76563 0.72461 0.057292 0.057292
1 0.73926 0.75781 0.057292 0.057292
1 0.62012 0.75977 0.057292 0.057292
1 0.57031 0.72949 0.057292 0.057292
1 0.59375 0.69727 0.057292 0.057292
1 0.57031 0.60742 0.057292 0.057292
1 0.52148 0.56348 0.057292 0.057292
1 0.41895 0.60352 0.057292 0.057292
1 0.38867 0.5625 0.057292 0.057292
1 0.47266 0.49512 0.057292 0.057292
1 0.44141 0.48535 0.057292 0.057292
1 0.31543 0.48828 0.057292 0.057292
1 0.38184 0.42969 0.057292 0.057292
1 0.38965 0.37598 0.057292 0.057292
1 0.34961 0.35938 0.057292 0.057292
1 0.23047 0.32031 0.057292 0.057292
1 0.21875 0.29004 0.057292 0.057292
1 0.2373 0.25879 0.057292 0.057292
1 0.31055 0.29297 0.057292 0.057292
1 0.27637 0.23535 0.057292 0.057292
1 0.26367 0.20508 0.057292 0.057292
1 0.17676 0.20508 0.057292 0.057292
1 0.24805 0.16797 0.057292 0.057292
1 0.24805 0.12891 0.057292 0.057292
1 0.14844 0.11914 0.057292 0.057292
1 0.21875 0.083984 0.057292 0.057292
1 0.24023 0.047852 0.057292 0.057292
1 0.38965 0.49609 0.057292 0.057292
1 0.2207 0.18359 0.057292 0.057292
1 0.93555 0.58203 0.057292 0.057292
1 0.9082 0.52344 0.057292 0.057292
1 0.97559 0.46973 0.057292 0.057292
1 0.87793 0.38867 0.057292 0.057292
1 0.8584 0.29785 0.057292 0.057292
1 0.85449 0.24805 0.057292 0.057292
1 0.86719 0.18945 0.057292 0.057292
1 0.90723 0.2959 0.057292 0.057292
1 0.94238 0.26563 0.057292 0.057292
1 0.90234 0.11914 0.057292 0.057292
1 0.94629 0.35352 0.057292 0.057292
