1 0.4541 0.90234 0.054688 0.054688
1 0.48926 0.9043 0.054688 0.054688
1 0.48828 0.84082 0.054688 0.054688
1 0.45605 0.81152 0.054688 0.054688
1 0.56152 0.87988 0.054688 0.054688
1 0.60254 0.78516 0.054688 0.054688
1 0.6084 0.87012 0.054688 0.054688
1 0.65527 0.91113 0.054688 0.054688
1 0.68164 0.87598 0.054688 0.054688
1 0.66016 0.78809 0.054688 0.054688
1 0.78418 0.87695 0.054688 0.054688
1 0.76563 0.74219 0.054688 0.054688
1 0.83398 0.74707 0.054688 0.054688
1 0.70801 0.81836 0.054688 0.054688
1 0.78809 0.6543 0.054688 0.054688
1 0.38477 0.80664 0.054688 0.054688
1 0.44922 0.77344 0.054688 0.054688
1 0.43359 0.71289 0.054688 0.054688
1 0.37109 0.72266 0.054688 0.054688
1 0.3877 0.68066 0.054688 0.054688
1 0.33203 0.63379 0.054688 0.054688
1 0.42578 0.5625 0.054688 0.054688
1 0.37207 0.55762 0.054688 0.054688
1 0.29199 0.52344 0.054688 0.054688
1 0.3877 0.47363 0.054688 0.054688
1 0.37402 0.41699 0.054688 0.054688
1 0.31641 0.44922 0.054688 0.054688
1 0.28613 0.43066 0.054688 0.054688
1 0.26563 0.30078 0.054688 0.054688
1 0.38574 0.2959 0.054688 0.054688
1 0.35156 0.21289 0.054688 0.054688
1 0.36133 0.13184 0.054688 0.054688
1 0.3418 0.040039 0.054688 0.054688
1 0.30176 0.088867 0.054688 0.054688
