1 0.080078 0.50195 0.057292 0.057292
1 0.11523 0.61035 0.057292 0.057292
1 0.32227 0.54199 0.057292 0.057292
1 0.4043 0.53711 0.057292 0.057292
1 0.51074 0.54688 0.057292 0.057292
1 0.55078 0.5625 0.057292 0.057292
1 0.58105 0.56348 0.057292 0.057292
1 0.5498 0.4873 0.057292 0.057292
1 0.62695 0.5 0.057292 0.057292
1 0.63477 0.56445 0.057292 0.057292
1 0.69727 0.57031 0.057292 0.057292
1 0.67676 0.53418 0.057292 0.057292
1 0.72266 0.5918 0.057292 0.057292
1 0.74609 0.57031 0.057292 0.057292
1 0.78906 0.58008 0.057292 0.057292
1 0.71289 0.53613 0.057292 0.057292
1 0.75879 0.48535 0.057292 0.057292
1 0.84766 0.51563 0.057292 0.057292
1 0.85254 0.58203 0.057292 0.057292
1 0.88281 0.4834 0.057292 0.057292
1 0.91504 0.57129 0.057292 0.057292
1 0.93164 0.45215 0.057292 0.057292
