1 0.55469 0.82031 0.054688 0.054688
1 0.64258 0.79883 0.054688 0.054688
1 0.60156 0.7207 0.054688 0.054688
1 0.54688 0.66113 0.054688 0.054688
1 0.53125 0.62402 0.054688 0.054688
1 0.38965 0.58496 0.054688 0.054688
1 0.42383 0.56152 0.054688 0.054688
1 0.48535 0.55664 0.054688 0.054688
1 0.4668 0.52734 0.054688 0.054688
1 0.45508 0.48145 0.054688 0.054688
1 0.41992 0.39844 0.054688 0.054688
1 0.33203 0.43359 0.054688 0.054688
1 0.33594 0.39258 0.054688 0.054688
1 0.29102 0.30078 0.054688 0.054688
1 0.38086 0.2168 0.054688 0.054688
1 0.40137 0.14258 0.054688 0.054688
1 0.24023 0.16992 0.054688 0.054688
1 0.24707 0.079102 0.054688 0.054688
1 0.43652 0.69922 0.054688 0.054688
1 0.41992 0.7334 0.054688 0.054688
1 0.3877 0.69531 0.054688 0.054688
1 0.34277 0.69531 0.054688 0.054688
1 0.26074 0.62988 0.054688 0.054688
1 0.23438 0.72168 0.054688 0.054688
