1 0.077148 0.62988 0.057292 0.057292
1 0.1377 0.60059 0.057292 0.057292
1 0.18066 0.60645 0.057292 0.057292
1 0.21484 0.58887 0.057292 0.057292
1 0.26465 0.5625 0.057292 0.057292
1 0.2373 0.51855 0.057292 0.057292
1 0.31738 0.53809 0.057292 0.057292
1 0.38184 0.64551 0.057292 0.057292
1 0.48145 0.5791 0.057292 0.057292
1 0.31152 0.42188 0.057292 0.057292
1 0.39551 0.49219 0.057292 0.057292
1 0.4248 0.4873 0.057292 0.057292
1 0.26855 0.68457 0.057292 0.057292
1 0.55762 0.50098 0.057292 0.057292
1 0.50293 0.42285 0.057292 0.057292
1 0.46387 0.4541 0.057292 0.057292
1 0.44434 0.39746 0.057292 0.057292
1 0.48145 0.39844 0.057292 0.057292
1 0.54297 0.39746 0.057292 0.057292
1 0.56934 0.35449 0.057292 0.057292
1 0.63184 0.35645 0.057292 0.057292
1 0.62793 0.40527 0.057292 0.057292
1 0.67285 0.44043 0.057292 0.057292
1 0.73926 0.37402 0.057292 0.057292
1 0.70215 0.40723 0.057292 0.057292
1 0.60449 0.4834 0.057292 0.057292
1 0.6748 0.27246 0.057292 0.057292
1 0.72559 0.29395 0.057292 0.057292
1 0.72168 0.25879 0.057292 0.057292
1 0.75879 0.22754 0.057292 0.057292
1 0.82324 0.2373 0.057292 0.057292
1 0.84668 0.25684 0.057292 0.057292
1 0.8916 0.2373 0.057292 0.057292
1 0.5459 0.44043 0.057292 0.057292
