1 0.85484 0.53802 0.079054 0.1025
1 0.82258 0.59125 0.079054 0.1025
1 0.88123 0.80038 0.079054 0.1025
1 0.83578 0.77757 0.079054 0.1025
1 0.76979 0.80798 0.079054 0.1025
1 0.73167 0.61217 0.079054 0.1025
1 0.67889 0.65019 0.079054 0.1025
1 0.59091 0.82319 0.079054 0.1025
1 0.55279 0.74144 0.079054 0.1025
1 0.54106 0.47719 0.079054 0.1025
1 0.50147 0.43726 0.079054 0.1025
1 0.4868 0.38403 0.079054 0.1025
1 0.39296 0.3251 0.079054 0.1025
1 0.44868 0.64259 0.079054 0.1025
1 0.86364 0.6654 0.079054 0.1025
1 0.77566 0.71103 0.079054 0.1025
