1 0.72461 0.80078 0.052651 0.052651
1 0.71289 0.72266 0.052651 0.052651
1 0.73633 0.67285 0.052651 0.052651
1 0.76465 0.58984 0.052651 0.052651
1 0.79395 0.51172 0.052651 0.052651
1 0.85254 0.48145 0.052651 0.052651
1 0.8623 0.42969 0.052651 0.052651
1 0.88281 0.37988 0.052651 0.052651
1 0.8125 0.36719 0.052651 0.052651
1 0.90723 0.44141 0.052651 0.052651
1 0.90918 0.32813 0.052651 0.052651
1 0.91113 0.29297 0.052651 0.052651
1 0.79688 0.56348 0.052651 0.052651
1 0.81836 0.23828 0.052651 0.052651
1 0.88867 0.1709 0.052651 0.052651
1 0.90137 0.12988 0.052651 0.052651
1 0.91406 0.09375 0.052651 0.052651
1 0.80371 0.14746 0.052651 0.052651
1 0.81348 0.017578 0.052651 0.052651
1 0.62402 0.75977 0.052651 0.052651
1 0.625 0.66406 0.052651 0.052651
1 0.63867 0.5791 0.052651 0.052651
1 0.54395 0.59473 0.052651 0.052651
1 0.5957 0.52734 0.052651 0.052651
1 0.56738 0.49023 0.052651 0.052651
1 0.56152 0.4375 0.052651 0.052651
1 0.43848 0.4707 0.052651 0.052651
1 0.47559 0.39941 0.052651 0.052651
1 0.41504 0.27441 0.052651 0.052651
1 0.42285 0.23535 0.052651 0.052651
1 0.36035 0.10254 0.052651 0.052651
1 0.44336 0.12305 0.052651 0.052651
1 0.62891 0.84766 0.052651 0.052651
1 0.58105 0.76953 0.052651 0.052651
1 0.55566 0.74609 0.052651 0.052651
1 0.52148 0.78418 0.052651 0.052651
1 0.45898 0.73047 0.052651 0.052651
1 0.46191 0.66504 0.052651 0.052651
1 0.42871 0.67773 0.052651 0.052651
1 0.375 0.69922 0.052651 0.052651
1 0.31738 0.67188 0.052651 0.052651
1 0.33887 0.63379 0.052651 0.052651
1 0.30566 0.62891 0.052651 0.052651
1 0.25586 0.70215 0.052651 0.052651
1 0.22363 0.72363 0.052651 0.052651
1 0.23633 0.62695 0.052651 0.052651
1 0.22461 0.66016 0.052651 0.052651
1 0.20703 0.60352 0.052651 0.052651
1 0.14355 0.71191 0.052651 0.052651
1 0.11719 0.7373 0.052651 0.052651
1 0.067383 0.75098 0.052651 0.052651
1 0.081055 0.64746 0.052651 0.052651
