1 0.79883 0.94531 0.052651 0.052651
1 0.75195 0.875 0.052651 0.052651
1 0.70508 0.83301 0.052651 0.052651
1 0.71387 0.74805 0.052651 0.052651
1 0.65332 0.7666 0.052651 0.052651
1 0.66602 0.72949 0.052651 0.052651
1 0.78613 0.69531 0.052651 0.052651
1 0.61328 0.57422 0.052651 0.052651
1 0.53027 0.47754 0.052651 0.052651
1 0.50684 0.55176 0.052651 0.052651
1 0.46973 0.53906 0.052651 0.052651
1 0.45117 0.49316 0.052651 0.052651
1 0.46973 0.38281 0.052651 0.052651
1 0.41992 0.36816 0.052651 0.052651
1 0.39258 0.42285 0.052651 0.052651
1 0.3584 0.30078 0.052651 0.052651
1 0.31836 0.25293 0.052651 0.052651
1 0.21973 0.22754 0.052651 0.052651
1 0.16699 0.18457 0.052651 0.052651
1 0.25684 0.14844 0.052651 0.052651
1 0.19922 0.1377 0.052651 0.052651
1 0.16699 0.076172 0.052651 0.052651
