1 0.6748 0.09082 0.052651 0.052651
1 0.76953 0.10352 0.052651 0.052651
1 0.72852 0.18262 0.052651 0.052651
1 0.62109 0.41113 0.052651 0.052651
1 0.70801 0.49023 0.052651 0.052651
1 0.66504 0.48242 0.052651 0.052651
1 0.65332 0.52051 0.052651 0.052651
1 0.66309 0.57031 0.052651 0.052651
1 0.6123 0.59668 0.052651 0.052651
1 0.5498 0.59961 0.052651 0.052651
1 0.49805 0.68457 0.052651 0.052651
1 0.43359 0.70996 0.052651 0.052651
1 0.39258 0.69922 0.052651 0.052651
1 0.40039 0.75586 0.052651 0.052651
1 0.33594 0.75586 0.052651 0.052651
1 0.3418 0.80176 0.052651 0.052651
1 0.36719 0.81738 0.052651 0.052651
1 0.32031 0.84961 0.052651 0.052651
1 0.30469 0.87402 0.052651 0.052651
1 0.30469 0.81641 0.052651 0.052651
1 0.26367 0.84766 0.052651 0.052651
1 0.2207 0.93945 0.052651 0.052651
