1 0.20215 0.13867 0.052651 0.052651
1 0.18066 0.20117 0.052651 0.052651
1 0.12207 0.24316 0.052651 0.052651
1 0.11426 0.30469 0.052651 0.052651
1 0.11328 0.40234 0.052651 0.052651
1 0.2793 0.19434 0.052651 0.052651
1 0.25 0.29199 0.052651 0.052651
1 0.23633 0.33398 0.052651 0.052651
1 0.21191 0.34961 0.052651 0.052651
1 0.48926 0.38281 0.052651 0.052651
1 0.41699 0.41699 0.052651 0.052651
1 0.46387 0.44629 0.052651 0.052651
1 0.44629 0.47168 0.052651 0.052651
1 0.42676 0.51758 0.052651 0.052651
1 0.40723 0.6123 0.052651 0.052651
1 0.30273 0.62109 0.052651 0.052651
1 0.35254 0.6709 0.052651 0.052651
1 0.3125 0.66895 0.052651 0.052651
1 0.38672 0.74902 0.052651 0.052651
1 0.26855 0.81055 0.052651 0.052651
1 0.25098 0.85156 0.052651 0.052651
1 0.17285 0.9082 0.052651 0.052651
1 0.47754 0.33203 0.052651 0.052651
1 0.63086 0.31152 0.052651 0.052651
1 0.69629 0.45996 0.052651 0.052651
1 0.82129 0.50195 0.052651 0.052651
1 0.84863 0.57617 0.052651 0.052651
1 0.89551 0.5791 0.052651 0.052651
1 0.94238 0.5752 0.052651 0.052651
1 0.7373 0.58691 0.052651 0.052651
1 0.75098 0.67871 0.052651 0.052651
1 0.7832 0.63281 0.052651 0.052651
1 0.87402 0.69434 0.052651 0.052651
1 0.7041 0.64355 0.052651 0.052651
1 0.70117 0.57324 0.052651 0.052651
