1 0.03418 0.14752 0.052651 0.070385
1 0.05957 0.11749 0.052651 0.070385
1 0.36426 0.547 0.052651 0.070385
1 0.4502 0.45431 0.052651 0.070385
1 0.43848 0.53003 0.052651 0.070385
1 0.44531 0.61358 0.052651 0.070385
1 0.50098 0.62794 0.052651 0.070385
1 0.54199 0.54047 0.052651 0.070385
1 0.56348 0.69582 0.052651 0.070385
1 0.5791 0.7389 0.052651 0.070385
1 0.63477 0.79896 0.052651 0.070385
1 0.68164 0.82637 0.052651 0.070385
1 0.74609 0.73238 0.052651 0.070385
1 0.82715 0.75457 0.052651 0.070385
1 0.81641 0.81723 0.052651 0.070385
1 0.76855 0.91906 0.052651 0.070385
1 0.82227 0.94256 0.052651 0.070385
1 0.8457 0.9282 0.052651 0.070385
1 0.92773 0.92689 0.052651 0.070385
1 0.93457 0.82245 0.052651 0.070385
