1 0.87012 0.41699 0.052651 0.052651
1 0.92578 0.3877 0.052651 0.052651
1 0.8916 0.4834 0.052651 0.052651
1 0.88965 0.52148 0.052651 0.052651
1 0.89746 0.58008 0.052651 0.052651
1 0.88867 0.62305 0.052651 0.052651
1 0.91016 0.64258 0.052651 0.052651
1 0.80273 0.64844 0.052651 0.052651
1 0.89941 0.69238 0.052651 0.052651
1 0.87402 0.68164 0.052651 0.052651
1 0.87207 0.7207 0.052651 0.052651
1 0.84961 0.8457 0.052651 0.052651
1 0.91699 0.84375 0.052651 0.052651
1 0.52637 0.21875 0.052651 0.052651
1 0.32813 0.30957 0.052651 0.052651
1 0.30176 0.24121 0.052651 0.052651
1 0.24805 0.29102 0.052651 0.052651
1 0.20215 0.31055 0.052651 0.052651
1 0.18945 0.32813 0.052651 0.052651
1 0.072266 0.25 0.052651 0.052651
1 0.60352 0.32227 0.052651 0.052651
1 0.55957 0.34668 0.052651 0.052651
1 0.52148 0.38867 0.052651 0.052651
1 0.48242 0.4043 0.052651 0.052651
1 0.4209 0.38672 0.052651 0.052651
1 0.40625 0.44629 0.052651 0.052651
1 0.33887 0.41113 0.052651 0.052651
1 0.28223 0.37793 0.052651 0.052651
1 0.16113 0.4707 0.052651 0.052651
1 0.76172 0.72852 0.052651 0.052651
1 0.75977 0.84961 0.052651 0.052651
1 0.72559 0.81348 0.052651 0.052651
1 0.6748 0.7793 0.052651 0.052651
1 0.60156 0.9082 0.052651 0.052651
1 0.55859 0.84961 0.052651 0.052651
1 0.58105 0.98242 0.052651 0.052651
1 0.54785 0.97949 0.052651 0.052651
1 0.52246 0.93164 0.052651 0.052651
1 0.82129 0.87695 0.052651 0.052651
1 0.80469 0.91992 0.052651 0.052651
