1 0.52246 0.97168 0.048281 0.048281
1 0.5 0.92188 0.048281 0.048281
1 0.52441 0.90039 0.048281 0.048281
1 0.4248 0.89063 0.048281 0.048281
1 0.46289 0.87598 0.048281 0.048281
1 0.46484 0.81348 0.048281 0.048281
1 0.53418 0.85059 0.048281 0.048281
1 0.59668 0.74219 0.048281 0.048281
1 0.4668 0.74609 0.048281 0.048281
1 0.46973 0.70215 0.048281 0.048281
1 0.55762 0.66797 0.048281 0.048281
1 0.55664 0.59082 0.048281 0.048281
1 0.49121 0.58984 0.048281 0.048281
1 0.54883 0.4043 0.048281 0.048281
1 0.55664 0.36816 0.048281 0.048281
1 0.56543 0.2666 0.048281 0.048281
1 0.52051 0.26953 0.048281 0.048281
1 0.53223 0.18848 0.048281 0.048281
1 0.46484 0.21484 0.048281 0.048281
1 0.44531 0.12695 0.048281 0.048281
1 0.47559 0.075195 0.048281 0.048281
1 0.52051 0.62598 0.048281 0.048281
1 0.5293 0.51758 0.048281 0.048281
