1 0.74219 0.84961 0.052651 0.052651
1 0.71289 0.77539 0.052651 0.052651
1 0.74414 0.72754 0.052651 0.052651
1 0.76855 0.64844 0.052651 0.052651
1 0.79785 0.56055 0.052651 0.052651
1 0.8623 0.53809 0.052651 0.052651
1 0.8623 0.48828 0.052651 0.052651
1 0.88281 0.43848 0.052651 0.052651
1 0.82031 0.42383 0.052651 0.052651
1 0.91309 0.5 0.052651 0.052651
1 0.90918 0.38672 0.052651 0.052651
1 0.91113 0.35156 0.052651 0.052651
1 0.79688 0.62207 0.052651 0.052651
1 0.81836 0.29688 0.052651 0.052651
1 0.88867 0.22949 0.052651 0.052651
1 0.90137 0.18848 0.052651 0.052651
1 0.91406 0.15234 0.052651 0.052651
1 0.80371 0.20605 0.052651 0.052651
1 0.81348 0.076172 0.052651 0.052651
1 0.63379 0.81641 0.052651 0.052651
1 0.63281 0.72461 0.052651 0.052651
1 0.64063 0.6377 0.052651 0.052651
1 0.54395 0.65332 0.052651 0.052651
1 0.60156 0.58398 0.052651 0.052651
1 0.57324 0.54492 0.052651 0.052651
1 0.56738 0.49414 0.052651 0.052651
1 0.44043 0.52734 0.052651 0.052651
1 0.47949 0.45605 0.052651 0.052651
1 0.41504 0.33301 0.052651 0.052651
1 0.42285 0.29395 0.052651 0.052651
1 0.36621 0.16113 0.052651 0.052651
1 0.44727 0.17969 0.052651 0.052651
1 0.62891 0.90625 0.052651 0.052651
1 0.58105 0.82813 0.052651 0.052651
1 0.55566 0.80469 0.052651 0.052651
1 0.52148 0.84277 0.052651 0.052651
1 0.45898 0.78906 0.052651 0.052651
1 0.46191 0.72363 0.052651 0.052651
1 0.42871 0.73633 0.052651 0.052651
1 0.375 0.75781 0.052651 0.052651
1 0.31738 0.73047 0.052651 0.052651
1 0.33887 0.69238 0.052651 0.052651
1 0.30566 0.6875 0.052651 0.052651
1 0.25586 0.76074 0.052651 0.052651
1 0.22363 0.78223 0.052651 0.052651
1 0.23633 0.68555 0.052651 0.052651
1 0.22461 0.71875 0.052651 0.052651
1 0.20703 0.66211 0.052651 0.052651
1 0.14355 0.77051 0.052651 0.052651
1 0.11719 0.7959 0.052651 0.052651
1 0.069336 0.80762 0.052651 0.052651
1 0.083008 0.7041 0.052651 0.052651
