1 0.70117 0.87793 0.052651 0.052651
1 0.66797 0.84082 0.052651 0.052651
1 0.70898 0.7959 0.052651 0.052651
1 0.6875 0.70996 0.052651 0.052651
1 0.66797 0.68945 0.052651 0.052651
1 0.58301 0.80371 0.052651 0.052651
1 0.62109 0.77539 0.052651 0.052651
1 0.56934 0.73633 0.052651 0.052651
1 0.5293 0.70898 0.052651 0.052651
1 0.48242 0.64648 0.052651 0.052651
1 0.55273 0.55566 0.052651 0.052651
1 0.45117 0.39258 0.052651 0.052651
1 0.44824 0.55273 0.052651 0.052651
1 0.38965 0.40039 0.052651 0.052651
1 0.34082 0.49316 0.052651 0.052651
1 0.31543 0.44434 0.052651 0.052651
1 0.33008 0.37402 0.052651 0.052651
1 0.30273 0.33105 0.052651 0.052651
1 0.26855 0.26465 0.052651 0.052651
1 0.25195 0.41895 0.052651 0.052651
