1 0.9082 0.59082 0.052651 0.052651
1 0.89844 0.69922 0.052651 0.052651
1 0.8623 0.66504 0.052651 0.052651
1 0.87207 0.58398 0.052651 0.052651
1 0.80762 0.6875 0.052651 0.052651
1 0.78809 0.64063 0.052651 0.052651
1 0.73145 0.70215 0.052651 0.052651
1 0.70508 0.6748 0.052651 0.052651
1 0.7041 0.60742 0.052651 0.052651
1 0.67578 0.58594 0.052651 0.052651
1 0.63574 0.60449 0.052651 0.052651
1 0.59766 0.65625 0.052651 0.052651
1 0.60254 0.57227 0.052651 0.052651
1 0.56543 0.62793 0.052651 0.052651
1 0.53516 0.61914 0.052651 0.052651
1 0.55078 0.55469 0.052651 0.052651
1 0.50977 0.58496 0.052651 0.052651
1 0.44336 0.6123 0.052651 0.052651
1 0.40137 0.60254 0.052651 0.052651
1 0.42773 0.55176 0.052651 0.052651
1 0.36426 0.54688 0.052651 0.052651
1 0.38477 0.51563 0.052651 0.052651
1 0.31836 0.60254 0.052651 0.052651
1 0.24805 0.62988 0.052651 0.052651
1 0.23633 0.58203 0.052651 0.052651
1 0.26367 0.50488 0.052651 0.052651
1 0.21582 0.48145 0.052651 0.052651
1 0.18945 0.49219 0.052651 0.052651
1 0.18164 0.55078 0.052651 0.052651
1 0.17969 0.58887 0.052651 0.052651
1 0.11816 0.54395 0.052651 0.052651
1 0.066406 0.50195 0.052651 0.052651
1 0.038086 0.53125 0.052651 0.052651
1 0.03125 0.56348 0.052651 0.052651
1 0.052734 0.40039 0.052651 0.052651
1 0.026367 0.42969 0.052651 0.052651
