1 0.91699 0.20996 0.052651 0.052651
1 0.87793 0.2373 0.052651 0.052651
1 0.8584 0.2959 0.052651 0.052651
1 0.93945 0.3418 0.052651 0.052651
1 0.87891 0.35352 0.052651 0.052651
1 0.84277 0.35059 0.052651 0.052651
1 0.74023 0.38477 0.052651 0.052651
1 0.92969 0.4707 0.052651 0.052651
1 0.85742 0.48242 0.052651 0.052651
1 0.78125 0.56055 0.052651 0.052651
1 0.89453 0.59473 0.052651 0.052651
1 0.90625 0.70898 0.052651 0.052651
1 0.88281 0.81445 0.052651 0.052651
1 0.85547 0.86133 0.052651 0.052651
1 0.79785 0.88477 0.052651 0.052651
1 0.78125 0.10645 0.052651 0.052651
1 0.80273 0.17285 0.052651 0.052651
1 0.78223 0.20117 0.052651 0.052651
1 0.75 0.21484 0.052651 0.052651
1 0.68164 0.1582 0.052651 0.052651
1 0.69629 0.26367 0.052651 0.052651
1 0.65137 0.21289 0.052651 0.052651
1 0.63379 0.27051 0.052651 0.052651
1 0.60645 0.29395 0.052651 0.052651
1 0.54102 0.24805 0.052651 0.052651
1 0.51953 0.27832 0.052651 0.052651
1 0.5498 0.34961 0.052651 0.052651
1 0.45117 0.35352 0.052651 0.052651
1 0.50098 0.38281 0.052651 0.052651
1 0.5293 0.43555 0.052651 0.052651
1 0.49512 0.41602 0.052651 0.052651
1 0.3877 0.41602 0.052651 0.052651
1 0.37012 0.45215 0.052651 0.052651
1 0.46582 0.51563 0.052651 0.052651
1 0.37207 0.51074 0.052651 0.052651
1 0.44434 0.58008 0.052651 0.052651
1 0.33398 0.57031 0.052651 0.052651
1 0.38672 0.64453 0.052651 0.052651
1 0.35938 0.66797 0.052651 0.052651
1 0.35547 0.62598 0.052651 0.052651
1 0.18359 0.75586 0.052651 0.052651
1 0.1543 0.8252 0.052651 0.052651
1 0.13086 0.77246 0.052651 0.052651
1 0.083984 0.77832 0.052651 0.052651
1 0.11328 0.88574 0.052651 0.052651
1 0.087891 0.93359 0.052651 0.052651
1 0.23828 0.70898 0.052651 0.052651
1 0.58203 0.17773 0.052651 0.052651
1 0.51855 0.18359 0.052651 0.052651
1 0.51855 0.099609 0.052651 0.052651
1 0.41113 0.17871 0.052651 0.052651
1 0.42969 0.11523 0.052651 0.052651
1 0.28516 0.11914 0.052651 0.052651
1 0.40625 0.70605 0.052651 0.052651
1 0.41113 0.75195 0.052651 0.052651
1 0.37109 0.72949 0.052651 0.052651
1 0.35742 0.80957 0.052651 0.052651
