1 0.19043 0.31152 0.052651 0.052651
1 0.30078 0.33887 0.052651 0.052651
1 0.21582 0.36328 0.052651 0.052651
1 0.26172 0.40332 0.052651 0.052651
1 0.3125 0.37402 0.052651 0.052651
1 0.41113 0.40527 0.052651 0.052651
1 0.38574 0.4502 0.052651 0.052651
1 0.30176 0.49902 0.052651 0.052651
1 0.33887 0.54395 0.052651 0.052651
1 0.35938 0.57422 0.052651 0.052651
1 0.40918 0.64355 0.052651 0.052651
1 0.38672 0.61426 0.052651 0.052651
1 0.41309 0.61328 0.052651 0.052651
1 0.46777 0.625 0.052651 0.052651
1 0.49805 0.69629 0.052651 0.052651
1 0.52637 0.71094 0.052651 0.052651
1 0.49219 0.76172 0.052651 0.052651
1 0.4873 0.79785 0.052651 0.052651
1 0.50586 0.8291 0.052651 0.052651
1 0.55859 0.77344 0.052651 0.052651
1 0.56641 0.82324 0.052651 0.052651
1 0.53613 0.93262 0.052651 0.052651
1 0.5498 0.91504 0.052651 0.052651
1 0.58789 0.90527 0.052651 0.052651
1 0.60449 0.8584 0.052651 0.052651
1 0.63574 0.86816 0.052651 0.052651
1 0.60938 0.89453 0.052651 0.052651
1 0.67871 0.91992 0.052651 0.052651
1 0.69824 0.93652 0.052651 0.052651
1 0.0625 0.2627 0.052651 0.052651
1 0.14648 0.16602 0.052651 0.052651
1 0.21191 0.20508 0.052651 0.052651
1 0.32129 0.30078 0.052651 0.052651
1 0.32422 0.23926 0.052651 0.052651
1 0.27441 0.20703 0.052651 0.052651
1 0.26855 0.17285 0.052651 0.052651
1 0.2998 0.15234 0.052651 0.052651
1 0.2832 0.087891 0.052651 0.052651
1 0.33203 0.14453 0.052651 0.052651
1 0.38086 0.14844 0.052651 0.052651
1 0.52441 0.24219 0.052651 0.052651
1 0.57031 0.23145 0.052651 0.052651
1 0.58789 0.21094 0.052651 0.052651
1 0.5791 0.18359 0.052651 0.052651
1 0.56348 0.13672 0.052651 0.052651
1 0.52637 0.18359 0.052651 0.052651
1 0.6582 0.29395 0.052651 0.052651
1 0.72266 0.23926 0.052651 0.052651
1 0.73633 0.20703 0.052651 0.052651
1 0.71875 0.10547 0.052651 0.052651
1 0.77441 0.14453 0.052651 0.052651
1 0.84082 0.12109 0.052651 0.052651
1 0.81152 0.19629 0.052651 0.052651
1 0.70117 0.18457 0.052651 0.052651
1 0.45508 0.2627 0.052651 0.052651
