1 0.875 0.86328 0.052651 0.052651
1 0.83301 0.94238 0.052651 0.052651
1 0.77539 0.92188 0.052651 0.052651
1 0.79102 0.74219 0.052651 0.052651
1 0.76563 0.71875 0.052651 0.052651
1 0.71289 0.83203 0.052651 0.052651
1 0.68359 0.8125 0.052651 0.052651
1 0.69531 0.75 0.052651 0.052651
1 0.74707 0.69238 0.052651 0.052651
1 0.68555 0.64453 0.052651 0.052651
1 0.56055 0.6748 0.052651 0.052651
1 0.66309 0.56641 0.052651 0.052651
1 0.53711 0.62988 0.052651 0.052651
1 0.55859 0.59766 0.052651 0.052651
1 0.59277 0.56348 0.052651 0.052651
1 0.56348 0.50293 0.052651 0.052651
1 0.4707 0.64258 0.052651 0.052651
1 0.4707 0.52344 0.052651 0.052651
1 0.43359 0.51563 0.052651 0.052651
1 0.48242 0.44824 0.052651 0.052651
1 0.46973 0.41406 0.052651 0.052651
1 0.41797 0.42188 0.052651 0.052651
1 0.30176 0.47656 0.052651 0.052651
1 0.29492 0.41699 0.052651 0.052651
1 0.35059 0.3291 0.052651 0.052651
1 0.26953 0.34766 0.052651 0.052651
1 0.34375 0.24219 0.052651 0.052651
1 0.23926 0.28906 0.052651 0.052651
1 0.31055 0.19141 0.052651 0.052651
1 0.27539 0.16309 0.052651 0.052651
1 0.21387 0.17676 0.052651 0.052651
1 0.2627 0.087891 0.052651 0.052651
1 0.20508 0.10938 0.052651 0.052651
1 0.28906 0.10156 0.052651 0.052651
1 0.15625 0.018555 0.052651 0.052651
1 0.021484 0.020508 0.052651 0.052651
1 0.13672 0.083008 0.052651 0.052651
1 0.80176 0.7998 0.052651 0.052651
1 0.50977 0.50098 0.052651 0.052651
1 0.38281 0.34375 0.052651 0.052651
1 0.40234 0.39941 0.052651 0.052651
1 0.36621 0.48535 0.052651 0.052651
1 0.18164 0.23633 0.052651 0.052651
