1 0.944 0.57475 0.10783 0.089559
1 0.886 0.4485 0.10783 0.089559
1 0.81 0.46512 0.10783 0.089559
1 0.746 0.55648 0.10783 0.089559
1 0.724 0.4402 0.10783 0.089559
1 0.626 0.4402 0.10783 0.089559
1 0.6 0.58638 0.10783 0.089559
1 0.5 0.5814 0.10783 0.089559
1 0.424 0.67442 0.10783 0.089559
1 0.27 0.68605 0.10783 0.089559
1 0.204 0.6113 0.10783 0.089559
1 0.306 0.5 0.10783 0.089559
1 0.528 0.42691 0.10783 0.089559
1 0.472 0.37209 0.10783 0.089559
1 0.414 0.29568 0.10783 0.089559
1 0.4 0.36047 0.10783 0.089559
1 0.328 0.39203 0.10783 0.089559
1 0.182 0.31395 0.10783 0.089559
1 0.148 0.44352 0.10783 0.089559
