1 0.8457 0.98438 0.052651 0.052651
1 0.86523 0.93066 0.052651 0.052651
1 0.83594 0.89941 0.052651 0.052651
1 0.81348 0.86328 0.052651 0.052651
1 0.71973 0.91406 0.052651 0.052651
1 0.72852 0.87109 0.052651 0.052651
1 0.69727 0.85059 0.052651 0.052651
1 0.73926 0.84473 0.052651 0.052651
1 0.75391 0.81738 0.052651 0.052651
1 0.7207 0.80078 0.052651 0.052651
1 0.67383 0.77734 0.052651 0.052651
1 0.72852 0.70508 0.052651 0.052651
1 0.63965 0.74707 0.052651 0.052651
1 0.58887 0.74609 0.052651 0.052651
1 0.69434 0.67188 0.052651 0.052651
1 0.58984 0.70117 0.052651 0.052651
1 0.68848 0.6377 0.052651 0.052651
1 0.70313 0.61133 0.052651 0.052651
1 0.56738 0.6709 0.052651 0.052651
1 0.63672 0.58594 0.052651 0.052651
1 0.58008 0.62207 0.052651 0.052651
1 0.56055 0.52832 0.052651 0.052651
1 0.49219 0.57422 0.052651 0.052651
1 0.5293 0.52051 0.052651 0.052651
1 0.43848 0.55664 0.052651 0.052651
1 0.41016 0.51465 0.052651 0.052651
1 0.48145 0.47461 0.052651 0.052651
1 0.4873 0.3916 0.052651 0.052651
1 0.375 0.45801 0.052651 0.052651
1 0.39355 0.42676 0.052651 0.052651
1 0.42188 0.40137 0.052651 0.052651
1 0.40137 0.37598 0.052651 0.052651
1 0.41016 0.33789 0.052651 0.052651
1 0.38867 0.31055 0.052651 0.052651
1 0.375 0.26172 0.052651 0.052651
1 0.35352 0.27344 0.052651 0.052651
1 0.38281 0.23047 0.052651 0.052651
1 0.27734 0.2627 0.052651 0.052651
1 0.33594 0.20703 0.052651 0.052651
1 0.29395 0.21973 0.052651 0.052651
1 0.23438 0.19043 0.052651 0.052651
1 0.26172 0.12109 0.052651 0.052651
1 0.23926 0.087891 0.052651 0.052651
1 0.21289 0.11426 0.052651 0.052651
1 0.17871 0.095703 0.052651 0.052651
1 0.17188 0.14941 0.052651 0.052651
1 0.097656 0.1748 0.052651 0.052651
1 0.10352 0.018555 0.052651 0.052651
