1 0.28711 0.19434 0.052651 0.052651
1 0.30176 0.25977 0.052651 0.052651
1 0.29395 0.29883 0.052651 0.052651
1 0.33984 0.27734 0.052651 0.052651
1 0.36914 0.27734 0.052651 0.052651
1 0.38086 0.31641 0.052651 0.052651
1 0.4248 0.38086 0.052651 0.052651
1 0.34961 0.46094 0.052651 0.052651
1 0.39941 0.45898 0.052651 0.052651
1 0.47363 0.50391 0.052651 0.052651
1 0.43945 0.62793 0.052651 0.052651
1 0.4209 0.63867 0.052651 0.052651
1 0.37891 0.65625 0.052651 0.052651
1 0.44824 0.69727 0.052651 0.052651
1 0.37598 0.70313 0.052651 0.052651
1 0.44141 0.74902 0.052651 0.052651
1 0.375 0.74805 0.052651 0.052651
1 0.38379 0.88281 0.052651 0.052651
1 0.45801 0.87695 0.052651 0.052651
1 0.47949 0.9375 0.052651 0.052651
