1 0.71582 0.67383 0.052651 0.052651
1 0.70117 0.64941 0.052651 0.052651
1 0.5332 0.41602 0.052651 0.052651
1 0.55469 0.46191 0.052651 0.052651
1 0.52051 0.48535 0.052651 0.052651
1 0.4834 0.52734 0.052651 0.052651
1 0.45801 0.4834 0.052651 0.052651
1 0.4541 0.39844 0.052651 0.052651
1 0.41895 0.37695 0.052651 0.052651
1 0.3916 0.3584 0.052651 0.052651
1 0.33008 0.42773 0.052651 0.052651
1 0.30664 0.40039 0.052651 0.052651
1 0.27637 0.38086 0.052651 0.052651
1 0.23828 0.40137 0.052651 0.052651
1 0.3252 0.33789 0.052651 0.052651
1 0.35547 0.31738 0.052651 0.052651
1 0.28418 0.30469 0.052651 0.052651
1 0.26074 0.26563 0.052651 0.052651
1 0.20801 0.25977 0.052651 0.052651
1 0.19727 0.34473 0.052651 0.052651
1 0.41309 0.41016 0.052651 0.052651
1 0.14355 0.28125 0.052651 0.052651
1 0.09375 0.19043 0.052651 0.052651
1 0.22656 0.2998 0.052651 0.052651
1 0.81543 0.67871 0.052651 0.052651
1 0.81055 0.59668 0.052651 0.052651
1 0.7207 0.58203 0.052651 0.052651
1 0.79102 0.55859 0.052651 0.052651
1 0.74121 0.46094 0.052651 0.052651
1 0.83008 0.49707 0.052651 0.052651
1 0.82813 0.46484 0.052651 0.052651
1 0.83496 0.41504 0.052651 0.052651
1 0.76367 0.39453 0.052651 0.052651
1 0.77051 0.33691 0.052651 0.052651
1 0.66406 0.52637 0.052651 0.052651
1 0.59277 0.43066 0.052651 0.052651
1 0.68164 0.37207 0.052651 0.052651
1 0.56641 0.36719 0.052651 0.052651
1 0.6123 0.32324 0.052651 0.052651
1 0.60645 0.23047 0.052651 0.052651
