1 0.95215 0.041016 0.052651 0.052651
1 0.9043 0.11621 0.052651 0.052651
1 0.91699 0.18164 0.052651 0.052651
1 0.86816 0.23633 0.052651 0.052651
1 0.77637 0.27539 0.052651 0.052651
1 0.72754 0.25684 0.052651 0.052651
1 0.73047 0.29297 0.052651 0.052651
1 0.63477 0.29102 0.052651 0.052651
1 0.68457 0.32129 0.052651 0.052651
1 0.65918 0.33984 0.052651 0.052651
1 0.62012 0.31543 0.052651 0.052651
1 0.59961 0.39355 0.052651 0.052651
1 0.51758 0.40918 0.052651 0.052651
1 0.54492 0.4541 0.052651 0.052651
1 0.46387 0.42969 0.052651 0.052651
1 0.42676 0.44531 0.052651 0.052651
1 0.37988 0.44922 0.052651 0.052651
1 0.48242 0.4668 0.052651 0.052651
1 0.4375 0.53418 0.052651 0.052651
1 0.35742 0.50195 0.052651 0.052651
1 0.35156 0.57324 0.052651 0.052651
1 0.29492 0.54492 0.052651 0.052651
1 0.27441 0.5918 0.052651 0.052651
1 0.24805 0.63574 0.052651 0.052651
1 0.22266 0.66211 0.052651 0.052651
1 0.16602 0.62891 0.052651 0.052651
1 0.18359 0.71191 0.052651 0.052651
1 0.1377 0.71387 0.052651 0.052651
1 0.13867 0.75391 0.052651 0.052651
1 0.15332 0.8125 0.052651 0.052651
1 0.11719 0.8877 0.052651 0.052651
1 0.14258 0.92285 0.052651 0.052651
1 0.76758 0.31152 0.052651 0.052651
1 0.75879 0.33398 0.052651 0.052651
1 0.89941 0.4375 0.052651 0.052651
1 0.86328 0.41992 0.052651 0.052651
1 0.78125 0.36816 0.052651 0.052651
1 0.77637 0.46875 0.052651 0.052651
1 0.77832 0.52246 0.052651 0.052651
