1 0.046875 0.31445 0.052651 0.052651
1 0.068359 0.33789 0.052651 0.052651
1 0.072266 0.3877 0.052651 0.052651
1 0.099609 0.34473 0.052651 0.052651
1 0.12695 0.38379 0.052651 0.052651
1 0.18457 0.33594 0.052651 0.052651
1 0.26563 0.35645 0.052651 0.052651
1 0.24219 0.42969 0.052651 0.052651
1 0.27246 0.41895 0.052651 0.052651
1 0.26953 0.44238 0.052651 0.052651
1 0.34082 0.34277 0.052651 0.052651
1 0.40918 0.41016 0.052651 0.052651
1 0.43945 0.4375 0.052651 0.052651
1 0.54297 0.36426 0.052651 0.052651
1 0.53418 0.44141 0.052651 0.052651
1 0.5293 0.47266 0.052651 0.052651
1 0.58398 0.4043 0.052651 0.052651
1 0.64844 0.39355 0.052651 0.052651
1 0.62891 0.43359 0.052651 0.052651
1 0.62109 0.48047 0.052651 0.052651
1 0.76953 0.57715 0.052651 0.052651
1 0.87207 0.5957 0.052651 0.052651
1 0.91113 0.68164 0.052651 0.052651
1 0.96777 0.60254 0.052651 0.052651
1 0.12988 0.43262 0.052651 0.052651
1 0.071289 0.49316 0.052651 0.052651
1 0.05957 0.54395 0.052651 0.052651
1 0.11523 0.58691 0.052651 0.052651
1 0.22949 0.54492 0.052651 0.052651
