1 0.94629 0.67773 0.052651 0.052651
1 0.94336 0.61914 0.052651 0.052651
1 0.90332 0.5957 0.052651 0.052651
1 0.87207 0.59961 0.052651 0.052651
1 0.77051 0.60059 0.052651 0.052651
1 0.75879 0.52246 0.052651 0.052651
1 0.7002 0.58105 0.052651 0.052651
1 0.71191 0.52637 0.052651 0.052651
1 0.71191 0.44434 0.052651 0.052651
1 0.66504 0.46582 0.052651 0.052651
1 0.61426 0.43652 0.052651 0.052651
1 0.63574 0.4873 0.052651 0.052651
1 0.53223 0.44434 0.052651 0.052651
1 0.53223 0.39355 0.052651 0.052651
1 0.46191 0.37402 0.052651 0.052651
1 0.5166 0.31934 0.052651 0.052651
1 0.39063 0.2334 0.052651 0.052651
1 0.3418 0.15039 0.052651 0.052651
1 0.8457 0.76074 0.052651 0.052651
1 0.83008 0.71777 0.052651 0.052651
1 0.71484 0.78418 0.052651 0.052651
1 0.71875 0.74414 0.052651 0.052651
1 0.67285 0.74609 0.052651 0.052651
1 0.61035 0.74121 0.052651 0.052651
1 0.69141 0.71387 0.052651 0.052651
1 0.67969 0.67578 0.052651 0.052651
1 0.6875 0.63379 0.052651 0.052651
1 0.55176 0.62012 0.052651 0.052651
1 0.52734 0.67578 0.052651 0.052651
1 0.49512 0.75391 0.052651 0.052651
1 0.38379 0.76367 0.052651 0.052651
1 0.38477 0.80762 0.052651 0.052651
1 0.34766 0.82617 0.052651 0.052651
1 0.27637 0.79297 0.052651 0.052651
1 0.19336 0.79199 0.052651 0.052651
1 0.12988 0.88477 0.052651 0.052651
1 0.15039 0.78906 0.052651 0.052651
1 0.087891 0.83691 0.052651 0.052651
1 0.037109 0.91504 0.052651 0.052651
1 0.030273 0.83691 0.052651 0.052651
1 0.20605 0.91602 0.052651 0.052651
