1 0.23145 0.7041 0.052651 0.052651
1 0.12695 0.58008 0.052651 0.052651
1 0.20313 0.51563 0.052651 0.052651
1 0.15039 0.45996 0.052651 0.052651
1 0.16211 0.39063 0.052651 0.052651
1 0.17773 0.28906 0.052651 0.052651
1 0.22363 0.22852 0.052651 0.052651
1 0.16992 0.24316 0.052651 0.052651
1 0.1582 0.21387 0.052651 0.052651
1 0.099609 0.19336 0.052651 0.052651
1 0.095703 0.06543 0.052651 0.052651
1 0.056641 0.087891 0.052651 0.052651
1 0.16113 0.029297 0.052651 0.052651
1 0.12598 0.017578 0.052651 0.052651
1 0.22168 0.3418 0.052651 0.052651
1 0.30176 0.24219 0.052651 0.052651
1 0.25195 0.14258 0.052651 0.052651
1 0.35547 0.76367 0.052651 0.052651
1 0.30859 0.6875 0.052651 0.052651
1 0.40918 0.71289 0.052651 0.052651
1 0.44629 0.69336 0.052651 0.052651
1 0.47852 0.65234 0.052651 0.052651
1 0.50879 0.60547 0.052651 0.052651
1 0.46094 0.55078 0.052651 0.052651
1 0.56348 0.50488 0.052651 0.052651
1 0.55957 0.55566 0.052651 0.052651
1 0.58496 0.59863 0.052651 0.052651
1 0.63281 0.57031 0.052651 0.052651
1 0.61035 0.50879 0.052651 0.052651
1 0.69336 0.52148 0.052651 0.052651
1 0.19531 0.88672 0.052651 0.052651
1 0.37109 0.68262 0.052651 0.052651
1 0.48242 0.78125 0.052651 0.052651
1 0.58887 0.72461 0.052651 0.052651
1 0.56152 0.65625 0.052651 0.052651
1 0.65625 0.66406 0.052651 0.052651
1 0.76172 0.48535 0.052651 0.052651
1 0.71875 0.48145 0.052651 0.052651
1 0.65234 0.4834 0.052651 0.052651
1 0.67871 0.44141 0.052651 0.052651
1 0.75098 0.38965 0.052651 0.052651
1 0.79199 0.30078 0.052651 0.052651
1 0.7666 0.2793 0.052651 0.052651
1 0.74121 0.22266 0.052651 0.052651
1 0.69141 0.26563 0.052651 0.052651
1 0.68359 0.18457 0.052651 0.052651
1 0.73438 0.12305 0.052651 0.052651
1 0.62109 0.055664 0.052651 0.052651
