1 0.1543 0.033203 0.052651 0.052651
1 0.12988 0.060547 0.052651 0.052651
1 0.19238 0.029297 0.052651 0.052651
1 0.20605 0.045898 0.052651 0.052651
1 0.23535 0.11816 0.052651 0.052651
1 0.17969 0.16113 0.052651 0.052651
1 0.19531 0.20898 0.052651 0.052651
1 0.27832 0.22754 0.052651 0.052651
1 0.30078 0.30469 0.052651 0.052651
1 0.2959 0.34668 0.052651 0.052651
1 0.34863 0.3125 0.052651 0.052651
1 0.35352 0.34961 0.052651 0.052651
1 0.36035 0.4209 0.052651 0.052651
1 0.37891 0.39844 0.052651 0.052651
1 0.47754 0.35645 0.052651 0.052651
1 0.41406 0.46973 0.052651 0.052651
1 0.52734 0.52148 0.052651 0.052651
1 0.6084 0.52832 0.052651 0.052651
1 0.62793 0.5752 0.052651 0.052651
1 0.68262 0.67969 0.052651 0.052651
1 0.64258 0.70996 0.052651 0.052651
1 0.66602 0.77246 0.052651 0.052651
1 0.71582 0.80957 0.052651 0.052651
1 0.70215 0.88477 0.052651 0.052651
1 0.78613 0.87988 0.052651 0.052651
1 0.83008 0.89941 0.052651 0.052651
1 0.7666 0.91113 0.052651 0.052651
1 0.88281 0.94336 0.052651 0.052651
1 0.91797 0.93359 0.052651 0.052651
