1 0.91504 0.20801 0.052651 0.052651
1 0.87598 0.23535 0.052651 0.052651
1 0.85645 0.29395 0.052651 0.052651
1 0.9375 0.33984 0.052651 0.052651
1 0.87695 0.35156 0.052651 0.052651
1 0.84082 0.34863 0.052651 0.052651
1 0.73828 0.38281 0.052651 0.052651
1 0.92773 0.46875 0.052651 0.052651
1 0.85547 0.48047 0.052651 0.052651
1 0.7793 0.55859 0.052651 0.052651
1 0.89258 0.59277 0.052651 0.052651
1 0.9043 0.70703 0.052651 0.052651
1 0.88086 0.8125 0.052651 0.052651
1 0.85352 0.85938 0.052651 0.052651
1 0.7959 0.88281 0.052651 0.052651
1 0.7793 0.10449 0.052651 0.052651
1 0.80078 0.1709 0.052651 0.052651
1 0.78027 0.19922 0.052651 0.052651
1 0.74805 0.21289 0.052651 0.052651
1 0.67969 0.15625 0.052651 0.052651
1 0.69434 0.26172 0.052651 0.052651
1 0.64941 0.21094 0.052651 0.052651
1 0.63184 0.26855 0.052651 0.052651
1 0.60449 0.29199 0.052651 0.052651
1 0.53906 0.24609 0.052651 0.052651
1 0.51758 0.27637 0.052651 0.052651
1 0.54785 0.34766 0.052651 0.052651
1 0.44922 0.35156 0.052651 0.052651
1 0.49902 0.38086 0.052651 0.052651
1 0.52734 0.43359 0.052651 0.052651
1 0.49316 0.41406 0.052651 0.052651
1 0.38574 0.41406 0.052651 0.052651
1 0.36816 0.4502 0.052651 0.052651
1 0.46387 0.51367 0.052651 0.052651
1 0.37012 0.50879 0.052651 0.052651
1 0.44238 0.57813 0.052651 0.052651
1 0.33203 0.56836 0.052651 0.052651
1 0.38477 0.64258 0.052651 0.052651
1 0.35742 0.66602 0.052651 0.052651
1 0.35352 0.62402 0.052651 0.052651
1 0.18164 0.75391 0.052651 0.052651
1 0.15234 0.82324 0.052651 0.052651
1 0.12891 0.77051 0.052651 0.052651
1 0.082031 0.77637 0.052651 0.052651
1 0.11133 0.88379 0.052651 0.052651
1 0.085938 0.93164 0.052651 0.052651
1 0.23633 0.70703 0.052651 0.052651
1 0.58008 0.17578 0.052651 0.052651
1 0.5166 0.18164 0.052651 0.052651
1 0.5166 0.097656 0.052651 0.052651
1 0.40918 0.17676 0.052651 0.052651
1 0.42773 0.11328 0.052651 0.052651
1 0.2832 0.11719 0.052651 0.052651
1 0.4043 0.7041 0.052651 0.052651
1 0.40918 0.75 0.052651 0.052651
1 0.36914 0.72754 0.052651 0.052651
1 0.35547 0.80762 0.052651 0.052651
