1 0.37402 0.82813 0.052651 0.052651
1 0.42285 0.80273 0.052651 0.052651
1 0.47363 0.76953 0.052651 0.052651
1 0.52539 0.78613 0.052651 0.052651
1 0.60352 0.76074 0.052651 0.052651
1 0.64551 0.70117 0.052651 0.052651
1 0.56738 0.6582 0.052651 0.052651
1 0.61816 0.64551 0.052651 0.052651
1 0.6416 0.58789 0.052651 0.052651
1 0.69141 0.66016 0.052651 0.052651
1 0.75488 0.60742 0.052651 0.052651
1 0.78027 0.63574 0.052651 0.052651
1 0.7666 0.57617 0.052651 0.052651
1 0.82422 0.60645 0.052651 0.052651
1 0.72168 0.53613 0.052651 0.052651
1 0.75488 0.48242 0.052651 0.052651
1 0.67578 0.45508 0.052651 0.052651
1 0.77832 0.39551 0.052651 0.052651
1 0.75684 0.30176 0.052651 0.052651
1 0.75 0.24512 0.052651 0.052651
1 0.84082 0.2832 0.052651 0.052651
1 0.80762 0.17383 0.052651 0.052651
1 0.78711 0.13281 0.052651 0.052651
1 0.87695 0.081055 0.052651 0.052651
1 0.30273 0.73828 0.052651 0.052651
1 0.25391 0.76367 0.052651 0.052651
1 0.26172 0.70215 0.052651 0.052651
1 0.26563 0.66699 0.052651 0.052651
1 0.23242 0.69434 0.052651 0.052651
1 0.20313 0.66504 0.052651 0.052651
1 0.1582 0.7334 0.052651 0.052651
1 0.13379 0.71875 0.052651 0.052651
1 0.17578 0.64648 0.052651 0.052651
1 0.27148 0.59961 0.052651 0.052651
1 0.26172 0.5752 0.052651 0.052651
1 0.2207 0.49805 0.052651 0.052651
1 0.17285 0.49805 0.052651 0.052651
1 0.31738 0.48926 0.052651 0.052651
1 0.29297 0.42871 0.052651 0.052651
1 0.38867 0.39844 0.052651 0.052651
1 0.32422 0.34277 0.052651 0.052651
