1 0.72363 0.060547 0.052651 0.052651
1 0.70898 0.14551 0.052651 0.052651
1 0.66113 0.38965 0.052651 0.052651
1 0.63574 0.55078 0.052651 0.052651
1 0.71094 0.58301 0.052651 0.052651
1 0.7334 0.60742 0.052651 0.052651
1 0.68359 0.69922 0.052651 0.052651
1 0.65234 0.73145 0.052651 0.052651
1 0.7627 0.69824 0.052651 0.052651
1 0.66211 0.77441 0.052651 0.052651
1 0.68457 0.7793 0.052651 0.052651
1 0.71875 0.85156 0.052651 0.052651
1 0.4082 0.095703 0.052651 0.052651
1 0.35352 0.18359 0.052651 0.052651
1 0.29492 0.21875 0.052651 0.052651
1 0.13965 0.37695 0.052651 0.052651
1 0.13477 0.40039 0.052651 0.052651
1 0.10254 0.47754 0.052651 0.052651
1 0.13281 0.50781 0.052651 0.052651
1 0.052734 0.50586 0.052651 0.052651
1 0.37793 0.30566 0.052651 0.052651
1 0.46094 0.29785 0.052651 0.052651
1 0.47852 0.37109 0.052651 0.052651
1 0.40918 0.40527 0.052651 0.052651
1 0.36426 0.54199 0.052651 0.052651
1 0.38574 0.58887 0.052651 0.052651
1 0.41504 0.61621 0.052651 0.052651
1 0.33887 0.63672 0.052651 0.052651
1 0.35254 0.67676 0.052651 0.052651
1 0.41992 0.70117 0.052651 0.052651
1 0.45801 0.74219 0.052651 0.052651
1 0.41211 0.7373 0.052651 0.052651
1 0.3457 0.81055 0.052651 0.052651
