1 0.75 0.097656 0.052651 0.052651
1 0.70215 0.10547 0.052651 0.052651
1 0.7998 0.14941 0.052651 0.052651
1 0.7666 0.24805 0.052651 0.052651
1 0.74902 0.18262 0.052651 0.052651
1 0.69434 0.22754 0.052651 0.052651
1 0.67383 0.28125 0.052651 0.052651
1 0.5957 0.20313 0.052651 0.052651
1 0.59277 0.23242 0.052651 0.052651
1 0.60156 0.3125 0.052651 0.052651
1 0.59961 0.36133 0.052651 0.052651
1 0.61719 0.41113 0.052651 0.052651
1 0.69043 0.41113 0.052651 0.052651
1 0.65234 0.4375 0.052651 0.052651
1 0.58789 0.4707 0.052651 0.052651
1 0.61426 0.5 0.052651 0.052651
1 0.59082 0.52148 0.052651 0.052651
1 0.49902 0.50684 0.052651 0.052651
1 0.53711 0.48438 0.052651 0.052651
1 0.51563 0.60547 0.052651 0.052651
1 0.51563 0.68066 0.052651 0.052651
1 0.3877 0.59668 0.052651 0.052651
1 0.42188 0.62305 0.052651 0.052651
1 0.42188 0.67578 0.052651 0.052651
1 0.32813 0.61133 0.052651 0.052651
1 0.37793 0.70703 0.052651 0.052651
1 0.26855 0.74609 0.052651 0.052651
1 0.28906 0.78906 0.052651 0.052651
1 0.31445 0.80469 0.052651 0.052651
1 0.25781 0.85645 0.052651 0.052651
1 0.21094 0.80859 0.052651 0.052651
