1 0.097656 0.95996 0.052651 0.052651
1 0.14551 0.90918 0.052651 0.052651
1 0.17285 0.83301 0.052651 0.052651
1 0.28809 0.81641 0.052651 0.052651
1 0.31738 0.88379 0.052651 0.052651
1 0.29688 0.90723 0.052651 0.052651
1 0.31641 0.84668 0.052651 0.052651
1 0.43945 0.89063 0.052651 0.052651
1 0.4668 0.75781 0.052651 0.052651
1 0.48828 0.69629 0.052651 0.052651
1 0.52832 0.73047 0.052651 0.052651
1 0.58398 0.73145 0.052651 0.052651
1 0.60547 0.69141 0.052651 0.052651
1 0.56445 0.66699 0.052651 0.052651
1 0.59082 0.62891 0.052651 0.052651
1 0.60352 0.57813 0.052651 0.052651
1 0.65527 0.64063 0.052651 0.052651
1 0.66602 0.61328 0.052651 0.052651
1 0.69141 0.61816 0.052651 0.052651
1 0.69824 0.50098 0.052651 0.052651
1 0.74414 0.44922 0.052651 0.052651
1 0.6582 0.48828 0.052651 0.052651
1 0.69238 0.41309 0.052651 0.052651
1 0.69922 0.38281 0.052651 0.052651
1 0.72656 0.33984 0.052651 0.052651
1 0.7793 0.32422 0.052651 0.052651
1 0.8418 0.31738 0.052651 0.052651
1 0.77637 0.28223 0.052651 0.052651
1 0.69824 0.26563 0.052651 0.052651
1 0.71191 0.21875 0.052651 0.052651
1 0.80469 0.19922 0.052651 0.052651
1 0.73438 0.16895 0.052651 0.052651
1 0.66504 0.15625 0.052651 0.052651
1 0.72754 0.067383 0.052651 0.052651
1 0.59473 0.7666 0.052651 0.052651
1 0.7627 0.77832 0.052651 0.052651
1 0.50879 0.82813 0.052651 0.052651
1 0.57617 0.82422 0.052651 0.052651
1 0.55762 0.86035 0.052651 0.052651
1 0.68848 0.75977 0.052651 0.052651
1 0.73633 0.91406 0.052651 0.052651
