1 0.87793 0.38574 0.052651 0.052651
1 0.93359 0.35645 0.052651 0.052651
1 0.89941 0.45215 0.052651 0.052651
1 0.89746 0.49023 0.052651 0.052651
1 0.90527 0.54883 0.052651 0.052651
1 0.89648 0.5918 0.052651 0.052651
1 0.91797 0.61133 0.052651 0.052651
1 0.81055 0.61719 0.052651 0.052651
1 0.90723 0.66113 0.052651 0.052651
1 0.88184 0.65039 0.052651 0.052651
1 0.87988 0.68945 0.052651 0.052651
1 0.85742 0.81445 0.052651 0.052651
1 0.9248 0.8125 0.052651 0.052651
1 0.53418 0.1875 0.052651 0.052651
1 0.33594 0.27832 0.052651 0.052651
1 0.16699 0.3291 0.052651 0.052651
1 0.25781 0.25781 0.052651 0.052651
1 0.20996 0.2793 0.052651 0.052651
1 0.19727 0.29688 0.052651 0.052651
1 0.080078 0.21875 0.052651 0.052651
1 0.61133 0.29102 0.052651 0.052651
1 0.56738 0.31543 0.052651 0.052651
1 0.5293 0.35742 0.052651 0.052651
1 0.49023 0.37305 0.052651 0.052651
1 0.42871 0.35547 0.052651 0.052651
1 0.41406 0.41504 0.052651 0.052651
1 0.34668 0.37988 0.052651 0.052651
1 0.29004 0.34668 0.052651 0.052651
1 0.16895 0.43945 0.052651 0.052651
1 0.76953 0.69727 0.052651 0.052651
1 0.76758 0.81836 0.052651 0.052651
1 0.7334 0.78223 0.052651 0.052651
1 0.68262 0.74805 0.052651 0.052651
1 0.60938 0.87695 0.052651 0.052651
1 0.56641 0.81836 0.052651 0.052651
1 0.58887 0.9668 0.052651 0.052651
1 0.55566 0.9541 0.052651 0.052651
1 0.53027 0.90039 0.052651 0.052651
1 0.83105 0.85352 0.052651 0.052651
1 0.8125 0.89648 0.052651 0.052651
