1 0.52051 0.9541 0.052651 0.052651
1 0.59961 0.9541 0.052651 0.052651
1 0.61719 0.91992 0.052651 0.052651
1 0.61523 0.88086 0.052651 0.052651
1 0.56934 0.91797 0.052651 0.052651
1 0.4834 0.87402 0.052651 0.052651
1 0.4668 0.79883 0.052651 0.052651
1 0.41406 0.68066 0.052651 0.052651
1 0.35449 0.55469 0.052651 0.052651
1 0.40332 0.50781 0.052651 0.052651
1 0.41797 0.41797 0.052651 0.052651
1 0.36426 0.32324 0.052651 0.052651
1 0.29492 0.34668 0.052651 0.052651
1 0.2373 0.2041 0.052651 0.052651
1 0.21973 0.088867 0.052651 0.052651
1 0.26758 0.016602 0.052651 0.052651
1 0.86328 0.76855 0.052651 0.052651
1 0.77148 0.7959 0.052651 0.052651
