1 0.42285 0.079102 0.052651 0.052651
1 0.49707 0.097656 0.052651 0.052651
1 0.46289 0.12988 0.052651 0.052651
1 0.52051 0.12891 0.052651 0.052651
1 0.57129 0.1377 0.052651 0.052651
1 0.50977 0.18066 0.052651 0.052651
1 0.5957 0.19727 0.052651 0.052651
1 0.50781 0.24414 0.052651 0.052651
1 0.57324 0.25684 0.052651 0.052651
1 0.46094 0.26367 0.052651 0.052651
1 0.53809 0.29102 0.052651 0.052651
1 0.53418 0.32813 0.052651 0.052651
1 0.61133 0.32324 0.052651 0.052651
1 0.57129 0.40332 0.052651 0.052651
1 0.49219 0.36719 0.052651 0.052651
1 0.45605 0.44727 0.052651 0.052651
1 0.54492 0.49316 0.052651 0.052651
1 0.55566 0.52734 0.052651 0.052651
1 0.51563 0.51563 0.052651 0.052651
1 0.46777 0.57813 0.052651 0.052651
1 0.5752 0.57715 0.052651 0.052651
1 0.57324 0.64941 0.052651 0.052651
1 0.55078 0.6875 0.052651 0.052651
1 0.50391 0.66797 0.052651 0.052651
1 0.5 0.7002 0.052651 0.052651
1 0.54199 0.76465 0.052651 0.052651
1 0.46582 0.7666 0.052651 0.052651
1 0.46387 0.8125 0.052651 0.052651
1 0.51563 0.83594 0.052651 0.052651
1 0.48145 0.84473 0.052651 0.052651
1 0.4707 0.89551 0.052651 0.052651
1 0.49805 0.91113 0.052651 0.052651
1 0.58301 0.92188 0.052651 0.052651
1 0.53418 0.94922 0.052651 0.052651
1 0.4668 0.97363 0.052651 0.052651
