1 0.89844 0.89844 0.052651 0.052651
1 0.85645 0.97754 0.052651 0.052651
1 0.79883 0.95703 0.052651 0.052651
1 0.81445 0.77734 0.052651 0.052651
1 0.78906 0.75391 0.052651 0.052651
1 0.73633 0.86719 0.052651 0.052651
1 0.70703 0.84766 0.052651 0.052651
1 0.71875 0.78516 0.052651 0.052651
1 0.77051 0.72754 0.052651 0.052651
1 0.70898 0.67969 0.052651 0.052651
1 0.58398 0.70996 0.052651 0.052651
1 0.68652 0.60156 0.052651 0.052651
1 0.56055 0.66504 0.052651 0.052651
1 0.58203 0.63281 0.052651 0.052651
1 0.61621 0.59863 0.052651 0.052651
1 0.58691 0.53809 0.052651 0.052651
1 0.49414 0.67773 0.052651 0.052651
1 0.49414 0.55859 0.052651 0.052651
1 0.45703 0.55078 0.052651 0.052651
1 0.50586 0.4834 0.052651 0.052651
1 0.49316 0.44922 0.052651 0.052651
1 0.44141 0.45703 0.052651 0.052651
1 0.3252 0.51172 0.052651 0.052651
1 0.31836 0.45215 0.052651 0.052651
1 0.37402 0.36426 0.052651 0.052651
1 0.29297 0.38281 0.052651 0.052651
1 0.36719 0.27734 0.052651 0.052651
1 0.2627 0.32422 0.052651 0.052651
1 0.33398 0.22656 0.052651 0.052651
1 0.29883 0.19824 0.052651 0.052651
1 0.2373 0.21191 0.052651 0.052651
1 0.28613 0.12305 0.052651 0.052651
1 0.22852 0.14453 0.052651 0.052651
1 0.3125 0.13672 0.052651 0.052651
1 0.17969 0.053711 0.052651 0.052651
1 0.035156 0.041992 0.052651 0.052651
1 0.16016 0.11816 0.052651 0.052651
1 0.8252 0.83496 0.052651 0.052651
1 0.5332 0.53613 0.052651 0.052651
1 0.40625 0.37891 0.052651 0.052651
1 0.42578 0.43457 0.052651 0.052651
1 0.38965 0.52051 0.052651 0.052651
1 0.20508 0.27148 0.052651 0.052651
