1 0.30469 0.54785 0.052651 0.052651
1 0.35938 0.55176 0.052651 0.052651
1 0.40039 0.54102 0.052651 0.052651
1 0.44531 0.53613 0.052651 0.052651
1 0.3877 0.3418 0.052651 0.052651
1 0.40918 0.39648 0.052651 0.052651
1 0.47949 0.45117 0.052651 0.052651
1 0.49609 0.51563 0.052651 0.052651
1 0.53125 0.53125 0.052651 0.052651
1 0.60156 0.52441 0.052651 0.052651
1 0.75684 0.58008 0.052651 0.052651
1 0.62207 0.39355 0.052651 0.052651
1 0.80957 0.42676 0.052651 0.052651
1 0.84473 0.53027 0.052651 0.052651
1 0.9043 0.5332 0.052651 0.052651
1 0.9707 0.66895 0.052651 0.052651
1 0.7998 0.61035 0.052651 0.052651
