1 0.936 0.60797 0.10783 0.089559
1 0.878 0.48173 0.10783 0.089559
1 0.802 0.49834 0.10783 0.089559
1 0.738 0.5897 0.10783 0.089559
1 0.716 0.47342 0.10783 0.089559
1 0.618 0.47342 0.10783 0.089559
1 0.592 0.6196 0.10783 0.089559
1 0.492 0.61462 0.10783 0.089559
1 0.416 0.70764 0.10783 0.089559
1 0.262 0.71927 0.10783 0.089559
1 0.196 0.64452 0.10783 0.089559
1 0.298 0.53322 0.10783 0.089559
1 0.52 0.46013 0.10783 0.089559
1 0.464 0.40532 0.10783 0.089559
1 0.406 0.3289 0.10783 0.089559
1 0.392 0.39369 0.10783 0.089559
1 0.32 0.42525 0.10783 0.089559
1 0.174 0.34718 0.10783 0.089559
1 0.14 0.47674 0.10783 0.089559
