1 0.94629 0.66406 0.052651 0.052651
1 0.94336 0.60547 0.052651 0.052651
1 0.90332 0.58203 0.052651 0.052651
1 0.87207 0.58594 0.052651 0.052651
1 0.77051 0.58691 0.052651 0.052651
1 0.75879 0.50879 0.052651 0.052651
1 0.7002 0.56738 0.052651 0.052651
1 0.71191 0.5127 0.052651 0.052651
1 0.71191 0.43066 0.052651 0.052651
1 0.66504 0.45215 0.052651 0.052651
1 0.61426 0.42285 0.052651 0.052651
1 0.63574 0.47363 0.052651 0.052651
1 0.53223 0.43066 0.052651 0.052651
1 0.53223 0.37988 0.052651 0.052651
1 0.46191 0.36035 0.052651 0.052651
1 0.5166 0.30566 0.052651 0.052651
1 0.39063 0.21973 0.052651 0.052651
1 0.3418 0.13672 0.052651 0.052651
1 0.8457 0.74707 0.052651 0.052651
1 0.83008 0.7041 0.052651 0.052651
1 0.71484 0.77051 0.052651 0.052651
1 0.71875 0.73047 0.052651 0.052651
1 0.67285 0.73242 0.052651 0.052651
1 0.61035 0.72754 0.052651 0.052651
1 0.69141 0.7002 0.052651 0.052651
1 0.67969 0.66211 0.052651 0.052651
1 0.6875 0.62012 0.052651 0.052651
1 0.55176 0.60645 0.052651 0.052651
1 0.52734 0.66211 0.052651 0.052651
1 0.49512 0.74023 0.052651 0.052651
1 0.38379 0.75 0.052651 0.052651
1 0.38477 0.79395 0.052651 0.052651
1 0.34766 0.8125 0.052651 0.052651
1 0.27637 0.7793 0.052651 0.052651
1 0.19336 0.77832 0.052651 0.052651
1 0.12988 0.87109 0.052651 0.052651
1 0.15039 0.77539 0.052651 0.052651
1 0.087891 0.82324 0.052651 0.052651
1 0.037109 0.90137 0.052651 0.052651
1 0.030273 0.82324 0.052651 0.052651
1 0.20605 0.90234 0.052651 0.052651
