1 0.36328 0.16504 0.057292 0.057292
1 0.25098 0.27832 0.057292 0.057292
1 0.23242 0.31836 0.057292 0.057292
1 0.2168 0.33887 0.057292 0.057292
1 0.23828 0.38184 0.057292 0.057292
1 0.31836 0.39551 0.057292 0.057292
1 0.30859 0.3291 0.057292 0.057292
1 0.2793 0.30273 0.057292 0.057292
1 0.41602 0.2959 0.057292 0.057292
1 0.45313 0.35352 0.057292 0.057292
1 0.48828 0.40137 0.057292 0.057292
1 0.45313 0.46387 0.057292 0.057292
1 0.53809 0.47266 0.057292 0.057292
1 0.48242 0.49707 0.057292 0.057292
1 0.5791 0.47363 0.057292 0.057292
1 0.49609 0.56738 0.057292 0.057292
1 0.52246 0.58203 0.057292 0.057292
1 0.59375 0.57129 0.057292 0.057292
1 0.62109 0.68359 0.057292 0.057292
1 0.57031 0.72754 0.057292 0.057292
1 0.57227 0.79297 0.057292 0.057292
1 0.61328 0.86621 0.057292 0.057292
1 0.65918 0.85254 0.057292 0.057292
1 0.69531 0.78125 0.057292 0.057292
1 0.7627 0.76367 0.057292 0.057292
