1 0.62891 0.92578 0.057292 0.057292
1 0.54688 0.82422 0.057292 0.057292
1 0.61719 0.77539 0.057292 0.057292
1 0.61133 0.74219 0.057292 0.057292
1 0.5918 0.67773 0.057292 0.057292
1 0.58008 0.61719 0.057292 0.057292
1 0.60352 0.59961 0.057292 0.057292
1 0.53711 0.57617 0.057292 0.057292
1 0.57617 0.56836 0.057292 0.057292
1 0.55859 0.47656 0.057292 0.057292
1 0.49805 0.46289 0.057292 0.057292
1 0.46289 0.44922 0.057292 0.057292
1 0.41992 0.39063 0.057292 0.057292
1 0.39258 0.37695 0.057292 0.057292
1 0.45898 0.36328 0.057292 0.057292
1 0.36133 0.24609 0.057292 0.057292
1 0.36719 0.09375 0.057292 0.057292
