1 0.952 0.59136 0.10783 0.089559
1 0.894 0.46512 0.10783 0.089559
1 0.818 0.48173 0.10783 0.089559
1 0.754 0.57309 0.10783 0.089559
1 0.732 0.45681 0.10783 0.089559
1 0.634 0.45681 0.10783 0.089559
1 0.608 0.60299 0.10783 0.089559
1 0.508 0.59801 0.10783 0.089559
1 0.432 0.69103 0.10783 0.089559
1 0.278 0.70266 0.10783 0.089559
1 0.212 0.62791 0.10783 0.089559
1 0.314 0.51661 0.10783 0.089559
1 0.536 0.44352 0.10783 0.089559
1 0.48 0.3887 0.10783 0.089559
1 0.422 0.31229 0.10783 0.089559
1 0.408 0.37708 0.10783 0.089559
1 0.336 0.40864 0.10783 0.089559
1 0.19 0.33056 0.10783 0.089559
1 0.156 0.46013 0.10783 0.089559
