1 0.48438 0.90918 0.052651 0.052651
1 0.49316 0.86914 0.052651 0.052651
1 0.4541 0.8584 0.052651 0.052651
1 0.52539 0.8291 0.052651 0.052651
1 0.55176 0.81641 0.052651 0.052651
1 0.51465 0.73242 0.052651 0.052651
1 0.61621 0.78711 0.052651 0.052651
1 0.6416 0.76758 0.052651 0.052651
1 0.59375 0.68555 0.052651 0.052651
1 0.58105 0.71484 0.052651 0.052651
1 0.64941 0.64648 0.052651 0.052651
1 0.67969 0.62891 0.052651 0.052651
1 0.72363 0.73633 0.052651 0.052651
1 0.68945 0.70117 0.052651 0.052651
1 0.74805 0.6748 0.052651 0.052651
1 0.72266 0.5918 0.052651 0.052651
1 0.7627 0.55176 0.052651 0.052651
1 0.76953 0.52441 0.052651 0.052651
1 0.81152 0.59766 0.052651 0.052651
1 0.84277 0.57129 0.052651 0.052651
1 0.88965 0.49121 0.052651 0.052651
1 0.83594 0.51563 0.052651 0.052651
1 0.7666 0.45313 0.052651 0.052651
1 0.79004 0.40625 0.052651 0.052651
1 0.86426 0.44727 0.052651 0.052651
1 0.89648 0.33594 0.052651 0.052651
1 0.84082 0.30469 0.052651 0.052651
1 0.87695 0.25391 0.052651 0.052651
1 0.90137 0.24121 0.052651 0.052651
1 0.93262 0.21973 0.052651 0.052651
1 0.36035 0.8623 0.052651 0.052651
1 0.35254 0.84082 0.052651 0.052651
1 0.25977 0.8916 0.052651 0.052651
1 0.35645 0.75391 0.052651 0.052651
1 0.32813 0.71973 0.052651 0.052651
1 0.33887 0.64453 0.052651 0.052651
1 0.22852 0.74023 0.052651 0.052651
1 0.23242 0.69238 0.052651 0.052651
1 0.22559 0.64941 0.052651 0.052651
1 0.22656 0.61719 0.052651 0.052651
1 0.25 0.70703 0.052651 0.052651
1 0.19531 0.52051 0.052651 0.052651
1 0.3252 0.50195 0.052651 0.052651
1 0.30176 0.52051 0.052651 0.052651
1 0.19727 0.43652 0.052651 0.052651
1 0.19336 0.31348 0.052651 0.052651
1 0.11523 0.3125 0.052651 0.052651
1 0.12012 0.26953 0.052651 0.052651
1 0.17969 0.2373 0.052651 0.052651
1 0.09082 0.17578 0.052651 0.052651
1 0.037109 0.10547 0.052651 0.052651
1 0.28223 0.4541 0.052651 0.052651
1 0.33594 0.43945 0.052651 0.052651
1 0.31055 0.40234 0.052651 0.052651
1 0.31055 0.37109 0.052651 0.052651
1 0.34766 0.41016 0.052651 0.052651
1 0.35352 0.35156 0.052651 0.052651
1 0.32324 0.22852 0.052651 0.052651
1 0.22949 0.24414 0.052651 0.052651
1 0.22266 0.15918 0.052651 0.052651
1 0.33398 0.14063 0.052651 0.052651
1 0.28125 0.14063 0.052651 0.052651
1 0.30273 0.070313 0.052651 0.052651
1 0.33594 0.014648 0.052651 0.052651
1 0.2168 0.086914 0.052651 0.052651
1 0.25195 0.071289 0.052651 0.052651
1 0.20117 0.020508 0.052651 0.052651
