1 0.43262 0.85938 0.052651 0.052651
1 0.48145 0.83398 0.052651 0.052651
1 0.53223 0.80078 0.052651 0.052651
1 0.58398 0.81738 0.052651 0.052651
1 0.66211 0.79199 0.052651 0.052651
1 0.7041 0.73242 0.052651 0.052651
1 0.62598 0.68945 0.052651 0.052651
1 0.67676 0.67676 0.052651 0.052651
1 0.7002 0.61914 0.052651 0.052651
1 0.75 0.69141 0.052651 0.052651
1 0.81348 0.63867 0.052651 0.052651
1 0.83887 0.66699 0.052651 0.052651
1 0.8252 0.60742 0.052651 0.052651
1 0.88281 0.6377 0.052651 0.052651
1 0.78027 0.56738 0.052651 0.052651
1 0.81348 0.51367 0.052651 0.052651
1 0.73438 0.48633 0.052651 0.052651
1 0.83691 0.42676 0.052651 0.052651
1 0.81543 0.33301 0.052651 0.052651
1 0.80859 0.27637 0.052651 0.052651
1 0.89941 0.31445 0.052651 0.052651
1 0.86621 0.20508 0.052651 0.052651
1 0.8457 0.16406 0.052651 0.052651
1 0.93555 0.1123 0.052651 0.052651
1 0.36133 0.76953 0.052651 0.052651
1 0.3125 0.79492 0.052651 0.052651
1 0.32031 0.7334 0.052651 0.052651
1 0.32422 0.69824 0.052651 0.052651
1 0.29102 0.72559 0.052651 0.052651
1 0.26172 0.69629 0.052651 0.052651
1 0.2168 0.76465 0.052651 0.052651
1 0.19238 0.75 0.052651 0.052651
1 0.23438 0.67773 0.052651 0.052651
1 0.33008 0.63086 0.052651 0.052651
1 0.32031 0.60645 0.052651 0.052651
1 0.2793 0.5293 0.052651 0.052651
1 0.23145 0.5293 0.052651 0.052651
1 0.37598 0.52051 0.052651 0.052651
1 0.35156 0.45996 0.052651 0.052651
1 0.44727 0.42969 0.052651 0.052651
1 0.38281 0.37402 0.052651 0.052651
