1 0.2373 0.67969 0.052651 0.052651
1 0.26953 0.68945 0.052651 0.052651
1 0.31934 0.68066 0.052651 0.052651
1 0.43164 0.75488 0.052651 0.052651
1 0.42871 0.63867 0.052651 0.052651
1 0.28516 0.56055 0.052651 0.052651
1 0.36523 0.56836 0.052651 0.052651
1 0.40625 0.5459 0.052651 0.052651
1 0.44727 0.51465 0.052651 0.052651
1 0.52246 0.5791 0.052651 0.052651
1 0.50098 0.60254 0.052651 0.052651
1 0.57031 0.58984 0.052651 0.052651
1 0.49023 0.49805 0.052651 0.052651
1 0.51465 0.45703 0.052651 0.052651
1 0.64844 0.51758 0.052651 0.052651
1 0.67188 0.44141 0.052651 0.052651
1 0.88672 0.4043 0.052651 0.052651
1 0.31934 0.91211 0.052651 0.052651
1 0.37598 0.91602 0.052651 0.052651
1 0.28027 0.80566 0.052651 0.052651
1 0.33398 0.86133 0.052651 0.052651
