1 0.88574 0.29785 0.052651 0.052651
1 0.79492 0.31641 0.052651 0.052651
1 0.76465 0.36328 0.052651 0.052651
1 0.81641 0.45801 0.052651 0.052651
1 0.7373 0.40918 0.052651 0.052651
1 0.70215 0.41309 0.052651 0.052651
1 0.67969 0.44141 0.052651 0.052651
1 0.66406 0.48438 0.052651 0.052651
1 0.67285 0.56348 0.052651 0.052651
1 0.64746 0.53027 0.052651 0.052651
1 0.60938 0.55273 0.052651 0.052651
1 0.58984 0.5957 0.052651 0.052651
1 0.5332 0.55273 0.052651 0.052651
1 0.50879 0.56836 0.052651 0.052651
1 0.45215 0.63867 0.052651 0.052651
1 0.40918 0.66016 0.052651 0.052651
1 0.36816 0.69531 0.052651 0.052651
1 0.35547 0.65234 0.052651 0.052651
1 0.33105 0.7002 0.052651 0.052651
1 0.25195 0.66602 0.052651 0.052651
1 0.33398 0.83203 0.052651 0.052651
1 0.1748 0.76367 0.052651 0.052651
1 0.11328 0.7207 0.052651 0.052651
1 0.1084 0.76074 0.052651 0.052651
1 0.021484 0.75488 0.052651 0.052651
1 0.046875 0.67969 0.052651 0.052651
