1 0.93164 0.84082 0.052651 0.052651
1 0.78906 0.7002 0.052651 0.052651
1 0.85645 0.65625 0.052651 0.052651
1 0.75781 0.60547 0.052651 0.052651
1 0.84766 0.53125 0.052651 0.052651
1 0.76563 0.51172 0.052651 0.052651
1 0.76172 0.47656 0.052651 0.052651
1 0.74219 0.42188 0.052651 0.052651
1 0.77734 0.40527 0.052651 0.052651
1 0.81934 0.39453 0.052651 0.052651
1 0.84668 0.42188 0.052651 0.052651
1 0.86133 0.35156 0.052651 0.052651
1 0.80566 0.36328 0.052651 0.052651
1 0.81543 0.30859 0.052651 0.052651
1 0.85254 0.28809 0.052651 0.052651
1 0.79297 0.28223 0.052651 0.052651
1 0.82617 0.25879 0.052651 0.052651
1 0.80664 0.20313 0.052651 0.052651
1 0.71582 0.25781 0.052651 0.052651
1 0.68848 0.89648 0.052651 0.052651
1 0.71191 0.80957 0.052651 0.052651
1 0.61621 0.76563 0.052651 0.052651
1 0.54102 0.7627 0.052651 0.052651
1 0.49609 0.82227 0.052651 0.052651
1 0.42871 0.71582 0.052651 0.052651
1 0.43457 0.79102 0.052651 0.052651
1 0.40723 0.78223 0.052651 0.052651
1 0.24707 0.75098 0.052651 0.052651
1 0.21777 0.74805 0.052651 0.052651
1 0.27344 0.65527 0.052651 0.052651
1 0.10449 0.61816 0.052651 0.052651
1 0.035156 0.5957 0.052651 0.052651
1 0.071289 0.76367 0.052651 0.052651
1 0.5293 0.83691 0.052651 0.052651
1 0.56152 0.91016 0.052651 0.052651
1 0.53223 0.90332 0.052651 0.052651
1 0.46094 0.90723 0.052651 0.052651
1 0.45898 0.88477 0.052651 0.052651
1 0.41309 0.89941 0.052651 0.052651
1 0.4668 0.81348 0.052651 0.052651
1 0.43066 0.82617 0.052651 0.052651
1 0.3916 0.80469 0.052651 0.052651
1 0.34277 0.81641 0.052651 0.052651
1 0.3125 0.86523 0.052651 0.052651
1 0.28613 0.90332 0.052651 0.052651
1 0.25586 0.90137 0.052651 0.052651
1 0.25098 0.83203 0.052651 0.052651
1 0.21875 0.8252 0.052651 0.052651
1 0.17969 0.80371 0.052651 0.052651
1 0.16504 0.82129 0.052651 0.052651
1 0.12891 0.81543 0.052651 0.052651
