1 0.91504 0.86426 0.052651 0.052651
1 0.87402 0.82324 0.052651 0.052651
1 0.84375 0.75879 0.052651 0.052651
1 0.78906 0.85742 0.052651 0.052651
1 0.75879 0.82031 0.052651 0.052651
1 0.78906 0.81836 0.052651 0.052651
1 0.74414 0.75195 0.052651 0.052651
1 0.83789 0.62695 0.052651 0.052651
1 0.78809 0.63477 0.052651 0.052651
1 0.74902 0.67578 0.052651 0.052651
1 0.69238 0.77539 0.052651 0.052651
1 0.73145 0.60352 0.052651 0.052651
1 0.69336 0.61914 0.052651 0.052651
1 0.55762 0.57129 0.052651 0.052651
1 0.46973 0.55664 0.052651 0.052651
1 0.47461 0.42383 0.052651 0.052651
1 0.43555 0.53711 0.052651 0.052651
1 0.39453 0.46582 0.052651 0.052651
1 0.40625 0.41309 0.052651 0.052651
1 0.39453 0.35352 0.052651 0.052651
1 0.12793 0.2168 0.052651 0.052651
1 0.10156 0.18652 0.052651 0.052651
1 0.064453 0.17383 0.052651 0.052651
