1 0.45313 0.15039 0.052651 0.052651
1 0.56641 0.18164 0.052651 0.052651
1 0.58105 0.28223 0.052651 0.052651
1 0.58398 0.33105 0.052651 0.052651
1 0.68457 0.32617 0.052651 0.052651
1 0.68262 0.38477 0.052651 0.052651
1 0.7334 0.3291 0.052651 0.052651
1 0.36621 0.26855 0.052651 0.052651
1 0.31348 0.30273 0.052651 0.052651
1 0.31836 0.41504 0.052651 0.052651
1 0.39063 0.41504 0.052651 0.052651
1 0.43164 0.54688 0.052651 0.052651
1 0.44434 0.5957 0.052651 0.052651
1 0.4043 0.67188 0.052651 0.052651
1 0.46289 0.65039 0.052651 0.052651
1 0.46094 0.74121 0.052651 0.052651
1 0.5 0.73242 0.052651 0.052651
1 0.52246 0.77734 0.052651 0.052651
1 0.49609 0.85449 0.052651 0.052651
1 0.48926 0.91113 0.052651 0.052651
1 0.47656 0.9541 0.052651 0.052651
1 0.56738 0.93945 0.052651 0.052651
