1 0.91309 0.48319 0.052651 0.11327
1 0.80176 0.78361 0.052651 0.11327
1 0.64453 0.73739 0.052651 0.11327
1 0.57324 0.62185 0.052651 0.11327
1 0.61035 0.51891 0.052651 0.11327
1 0.59375 0.57563 0.052651 0.11327
1 0.50586 0.58613 0.052651 0.11327
1 0.54395 0.34034 0.052651 0.11327
1 0.53125 0.2605 0.052651 0.11327
1 0.42188 0.59034 0.052651 0.11327
1 0.39941 0.5 0.052651 0.11327
1 0.24316 0.63655 0.052651 0.11327
1 0.22266 0.55042 0.052651 0.11327
1 0.16309 0.71218 0.052651 0.11327
1 0.064453 0.69748 0.052651 0.11327
