1 0.6582 0.13281 0.052651 0.052651
1 0.62891 0.16797 0.052651 0.052651
1 0.63867 0.22656 0.052651 0.052651
1 0.59375 0.19922 0.052651 0.052651
1 0.5459 0.15234 0.052651 0.052651
1 0.53027 0.24023 0.052651 0.052651
1 0.50781 0.30566 0.052651 0.052651
1 0.51172 0.36426 0.052651 0.052651
1 0.48438 0.35645 0.052651 0.052651
1 0.5293 0.41113 0.052651 0.052651
1 0.5 0.50781 0.052651 0.052651
1 0.45313 0.52832 0.052651 0.052651
1 0.41797 0.55371 0.052651 0.052651
1 0.45801 0.66113 0.052651 0.052651
1 0.34961 0.61719 0.052651 0.052651
1 0.37207 0.68848 0.052651 0.052651
1 0.35645 0.75488 0.052651 0.052651
1 0.34961 0.78516 0.052651 0.052651
1 0.29199 0.65332 0.052651 0.052651
1 0.27344 0.71387 0.052651 0.052651
1 0.28809 0.80859 0.052651 0.052651
1 0.28418 0.9209 0.052651 0.052651
1 0.25586 0.95215 0.052651 0.052651
1 0.49902 0.42969 0.052651 0.052651
