1 0.15039 0.62305 0.087708 0.087708
1 0.17383 0.70117 0.087708 0.087708
1 0.22461 0.66211 0.087708 0.087708
1 0.32422 0.61914 0.087708 0.087708
1 0.19336 0.5957 0.087708 0.087708
1 0.32617 0.52148 0.087708 0.087708
1 0.36523 0.47852 0.087708 0.087708
1 0.3457 0.50586 0.087708 0.087708
1 0.49805 0.49805 0.087708 0.087708
1 0.49414 0.45508 0.087708 0.087708
1 0.57617 0.42773 0.087708 0.087708
1 0.51953 0.42188 0.087708 0.087708
1 0.59375 0.38672 0.087708 0.087708
1 0.68945 0.39648 0.087708 0.087708
1 0.84375 0.2168 0.087708 0.087708
1 0.17383 0.78711 0.087708 0.087708
1 0.21289 0.77148 0.087708 0.087708
1 0.26758 0.89648 0.087708 0.087708
1 0.29883 0.8457 0.087708 0.087708
1 0.30273 0.88281 0.087708 0.087708
1 0.35156 0.91211 0.087708 0.087708
1 0.43164 0.94727 0.087708 0.087708
1 0.46484 0.89063 0.087708 0.087708
1 0.57617 0.875 0.087708 0.087708
1 0.50195 0.90234 0.087708 0.087708
1 0.52344 0.81641 0.087708 0.087708
