1 0.87891 0.33008 0.048281 0.048281
1 0.78516 0.35449 0.048281 0.048281
1 0.64355 0.25391 0.048281 0.048281
1 0.61035 0.16797 0.048281 0.048281
1 0.55566 0.14258 0.048281 0.048281
1 0.56934 0.23145 0.048281 0.048281
1 0.4834 0.2334 0.048281 0.048281
1 0.38184 0.24316 0.048281 0.048281
1 0.52539 0.20703 0.048281 0.048281
1 0.95703 0.69629 0.048281 0.048281
1 0.9209 0.73145 0.048281 0.048281
1 0.9043 0.69141 0.048281 0.048281
1 0.71875 0.81348 0.048281 0.048281
1 0.69922 0.84473 0.048281 0.048281
1 0.6416 0.88965 0.048281 0.048281
1 0.60938 0.87793 0.048281 0.048281
1 0.68066 0.81543 0.048281 0.048281
1 0.47754 0.93164 0.048281 0.048281
1 0.45898 0.85645 0.048281 0.048281
1 0.33984 0.84766 0.048281 0.048281
1 0.33789 0.81348 0.048281 0.048281
1 0.24707 0.83887 0.048281 0.048281
1 0.20801 0.8252 0.048281 0.048281
1 0.25195 0.76563 0.048281 0.048281
