1 0.88379 0.66895 0.048281 0.048281
1 0.91797 0.58398 0.048281 0.048281
1 0.79004 0.64258 0.048281 0.048281
1 0.78613 0.57227 0.048281 0.048281
1 0.72656 0.66602 0.048281 0.048281
1 0.64746 0.59277 0.048281 0.048281
1 0.68848 0.55176 0.048281 0.048281
1 0.63477 0.53027 0.048281 0.048281
1 0.62793 0.49414 0.048281 0.048281
1 0.4873 0.56055 0.048281 0.048281
1 0.51758 0.5459 0.048281 0.048281
1 0.45605 0.44824 0.048281 0.048281
1 0.42773 0.47754 0.048281 0.048281
1 0.35449 0.45215 0.048281 0.048281
1 0.37598 0.41504 0.048281 0.048281
1 0.40918 0.38867 0.048281 0.048281
1 0.33887 0.40039 0.048281 0.048281
1 0.30957 0.49609 0.048281 0.048281
1 0.28711 0.46777 0.048281 0.048281
1 0.23926 0.46094 0.048281 0.048281
1 0.26953 0.38477 0.048281 0.048281
1 0.24023 0.37305 0.048281 0.048281
1 0.24902 0.33594 0.048281 0.048281
1 0.087891 0.39063 0.048281 0.048281
1 0.049805 0.31543 0.048281 0.048281
1 0.16895 0.36914 0.048281 0.048281
1 0.9209 0.66895 0.048281 0.048281
