1 0.3877 0.76172 0.052656 0.052656
1 0.43652 0.75977 0.052656 0.052656
1 0.44336 0.7041 0.052656 0.052656
1 0.4541 0.67188 0.052656 0.052656
1 0.47949 0.69531 0.052656 0.052656
1 0.5166 0.69141 0.052656 0.052656
1 0.54492 0.67578 0.052656 0.052656
1 0.54102 0.77148 0.052656 0.052656
1 0.56836 0.75 0.052656 0.052656
1 0.51172 0.75 0.052656 0.052656
1 0.59277 0.72656 0.052656 0.052656
1 0.5957 0.68457 0.052656 0.052656
1 0.67676 0.76563 0.052656 0.052656
1 0.66602 0.6875 0.052656 0.052656
1 0.68359 0.66602 0.052656 0.052656
1 0.72656 0.62695 0.052656 0.052656
1 0.73242 0.68359 0.052656 0.052656
1 0.78223 0.60742 0.052656 0.052656
1 0.42578 0.53125 0.052656 0.052656
1 0.37402 0.51465 0.052656 0.052656
1 0.50391 0.38672 0.052656 0.052656
1 0.48047 0.29199 0.052656 0.052656
1 0.46191 0.28125 0.052656 0.052656
1 0.48145 0.22266 0.052656 0.052656
