1 0.89648 0.88672 0.052604 0.052604
1 0.87695 0.79883 0.052604 0.052604
1 0.85547 0.75684 0.052604 0.052604
1 0.81543 0.7002 0.052604 0.052604
1 0.80469 0.74023 0.052604 0.052604
1 0.74219 0.73926 0.052604 0.052604
1 0.78613 0.60645 0.052604 0.052604
1 0.5752 0.52441 0.052604 0.052604
1 0.65137 0.53027 0.052604 0.052604
1 0.61914 0.48926 0.052604 0.052604
1 0.56836 0.44043 0.052604 0.052604
1 0.39941 0.32617 0.052604 0.052604
1 0.37402 0.27344 0.052604 0.052604
1 0.37109 0.23828 0.052604 0.052604
1 0.32422 0.23242 0.052604 0.052604
1 0.28809 0.23926 0.052604 0.052604
1 0.21387 0.18652 0.052604 0.052604
1 0.16504 0.14453 0.052604 0.052604
1 0.18945 0.13477 0.052604 0.052604
1 0.16895 0.10547 0.052604 0.052604
1 0.11328 0.077148 0.052604 0.052604
1 0.16309 0.054688 0.052604 0.052604
1 0.099609 0.017578 0.052604 0.052604
