1 0.11523 0.1543 0.052651 0.052651
1 0.13672 0.19336 0.052651 0.052651
1 0.21094 0.20996 0.052651 0.052651
1 0.18848 0.3125 0.052651 0.052651
1 0.26074 0.31934 0.052651 0.052651
1 0.3125 0.3457 0.052651 0.052651
1 0.2793 0.39844 0.052651 0.052651
1 0.30762 0.44824 0.052651 0.052651
1 0.35742 0.37891 0.052651 0.052651
1 0.37402 0.41895 0.052651 0.052651
1 0.33887 0.47461 0.052651 0.052651
1 0.4043 0.44434 0.052651 0.052651
1 0.42969 0.48242 0.052651 0.052651
1 0.40137 0.55664 0.052651 0.052651
1 0.45117 0.51855 0.052651 0.052651
1 0.46191 0.64746 0.052651 0.052651
1 0.49707 0.58691 0.052651 0.052651
1 0.48633 0.69043 0.052651 0.052651
1 0.49414 0.73438 0.052651 0.052651
1 0.52148 0.75293 0.052651 0.052651
1 0.57129 0.70801 0.052651 0.052651
1 0.55176 0.79688 0.052651 0.052651
1 0.59473 0.74219 0.052651 0.052651
1 0.62109 0.86523 0.052651 0.052651
1 0.65234 0.79688 0.052651 0.052651
1 0.63867 0.82813 0.052651 0.052651
1 0.6416 0.96582 0.052651 0.052651
1 0.72363 0.82813 0.052651 0.052651
1 0.74219 0.88281 0.052651 0.052651
1 0.7832 0.91699 0.052651 0.052651
1 0.81543 0.98047 0.052651 0.052651
1 0.24707 0.082031 0.052651 0.052651
1 0.36816 0.15234 0.052651 0.052651
1 0.34961 0.047852 0.052651 0.052651
1 0.41016 0.14453 0.052651 0.052651
1 0.47656 0.1377 0.052651 0.052651
1 0.41602 0.054688 0.052651 0.052651
1 0.51172 0.057617 0.052651 0.052651
1 0.54297 0.056641 0.052651 0.052651
1 0.60156 0.0625 0.052651 0.052651
1 0.56152 0.10547 0.052651 0.052651
1 0.58984 0.15039 0.052651 0.052651
1 0.65918 0.088867 0.052651 0.052651
1 0.81738 0.15039 0.052651 0.052651
