1 0.85449 0.25802 0.052651 0.078593
1 0.81445 0.20117 0.052651 0.078593
1 0.69141 0.27988 0.052651 0.078593
1 0.77344 0.35714 0.052651 0.078593
1 0.69824 0.3688 0.052651 0.078593
1 0.7627 0.4519 0.052651 0.078593
1 0.73145 0.42857 0.052651 0.078593
1 0.74609 0.48834 0.052651 0.078593
1 0.71094 0.51166 0.052651 0.078593
1 0.6582 0.41108 0.052651 0.078593
1 0.6748 0.46939 0.052651 0.078593
1 0.62305 0.52624 0.052651 0.078593
1 0.56152 0.44461 0.052651 0.078593
1 0.49805 0.46647 0.052651 0.078593
1 0.54004 0.58455 0.052651 0.078593
1 0.41699 0.54227 0.052651 0.078593
1 0.37598 0.5379 0.052651 0.078593
1 0.30371 0.59621 0.052651 0.078593
1 0.36816 0.70262 0.052651 0.078593
1 0.31836 0.71429 0.052651 0.078593
1 0.25781 0.77405 0.052651 0.078593
1 0.19629 0.83673 0.052651 0.078593
1 0.18555 0.72449 0.052651 0.078593
1 0.15723 0.8309 0.052651 0.078593
1 0.12207 0.86735 0.052651 0.078593
1 0.074219 0.89213 0.052651 0.078593
1 0.055664 0.97376 0.052651 0.078593
