1 0.72266 0.02832 0.052656 0.052656
1 0.77539 0.039063 0.052656 0.052656
1 0.82715 0.048828 0.052656 0.052656
1 0.68164 0.091797 0.052656 0.052656
1 0.78906 0.2666 0.052656 0.052656
1 0.80176 0.22656 0.052656 0.052656
1 0.73926 0.30469 0.052656 0.052656
1 0.69727 0.33301 0.052656 0.052656
1 0.6709 0.41992 0.052656 0.052656
1 0.68066 0.46484 0.052656 0.052656
1 0.63379 0.49219 0.052656 0.052656
1 0.68359 0.26367 0.052656 0.052656
1 0.70703 0.20605 0.052656 0.052656
1 0.56152 0.45215 0.052656 0.052656
1 0.56348 0.59277 0.052656 0.052656
1 0.51563 0.60938 0.052656 0.052656
1 0.45508 0.6123 0.052656 0.052656
1 0.49902 0.6875 0.052656 0.052656
1 0.45313 0.70605 0.052656 0.052656
1 0.43359 0.73047 0.052656 0.052656
1 0.32813 0.77148 0.052656 0.052656
1 0.375 0.78516 0.052656 0.052656
1 0.35938 0.72363 0.052656 0.052656
1 0.38477 0.85059 0.052656 0.052656
1 0.38867 0.70215 0.052656 0.052656
1 0.34863 0.83984 0.052656 0.052656
1 0.31836 0.82813 0.052656 0.052656
1 0.30469 0.91504 0.052656 0.052656
1 0.38672 0.54688 0.052656 0.052656
1 0.36914 0.4375 0.052656 0.052656
1 0.32813 0.44238 0.052656 0.052656
1 0.27734 0.43457 0.052656 0.052656
1 0.23438 0.52051 0.052656 0.052656
1 0.18555 0.48828 0.052656 0.052656
1 0.072266 0.44141 0.052656 0.052656
1 0.084961 0.5166 0.052656 0.052656
