1 0.7832 0.59473 0.048281 0.048281
1 0.74805 0.55469 0.048281 0.048281
1 0.81641 0.5127 0.048281 0.048281
1 0.80078 0.49121 0.048281 0.048281
1 0.69727 0.44922 0.048281 0.048281
1 0.66113 0.45801 0.048281 0.048281
1 0.625 0.45215 0.048281 0.048281
1 0.64063 0.5332 0.048281 0.048281
1 0.68164 0.54395 0.048281 0.048281
1 0.74316 0.49414 0.048281 0.048281
1 0.93848 0.60547 0.048281 0.048281
1 0.91504 0.61133 0.048281 0.048281
1 0.88574 0.60352 0.048281 0.048281
1 0.58984 0.50586 0.048281 0.048281
1 0.55469 0.49316 0.048281 0.048281
1 0.61426 0.3916 0.048281 0.048281
1 0.57129 0.38867 0.048281 0.048281
1 0.53223 0.41797 0.048281 0.048281
1 0.54785 0.39063 0.048281 0.048281
1 0.50293 0.43848 0.048281 0.048281
1 0.38672 0.50391 0.048281 0.048281
1 0.33105 0.4707 0.048281 0.048281
1 0.4541 0.38867 0.048281 0.048281
1 0.37988 0.40918 0.048281 0.048281
1 0.40137 0.37207 0.048281 0.048281
1 0.27539 0.38574 0.048281 0.048281
1 0.32715 0.27539 0.048281 0.048281
1 0.27832 0.27734 0.048281 0.048281
1 0.20605 0.2627 0.048281 0.048281
1 0.20508 0.32129 0.048281 0.048281
1 0.17285 0.31348 0.048281 0.048281
1 0.14941 0.34277 0.048281 0.048281
1 0.16992 0.2373 0.048281 0.048281
