1 0.36621 0.93164 0.043854 0.043854
1 0.36621 0.83789 0.043854 0.043854
1 0.50098 0.875 0.043854 0.043854
1 0.5293 0.80762 0.043854 0.043854
1 0.56641 0.76563 0.043854 0.043854
1 0.54297 0.6875 0.043854 0.043854
1 0.48145 0.83594 0.043854 0.043854
1 0.44629 0.66895 0.043854 0.043854
1 0.46973 0.67285 0.043854 0.043854
1 0.37598 0.5791 0.043854 0.043854
1 0.31348 0.55957 0.043854 0.043854
1 0.18848 0.6416 0.043854 0.043854
1 0.092773 0.69434 0.043854 0.043854
1 0.055664 0.65723 0.043854 0.043854
1 0.070313 0.63477 0.043854 0.043854
1 0.84082 0.70898 0.043854 0.043854
1 0.34961 0.063477 0.043854 0.043854
1 0.43066 0.087891 0.043854 0.043854
1 0.38867 0.1377 0.043854 0.043854
1 0.41113 0.14941 0.043854 0.043854
1 0.48535 0.18945 0.043854 0.043854
1 0.81445 0.29199 0.043854 0.043854
1 0.7041 0.18652 0.043854 0.043854
1 0.93848 0.63965 0.043854 0.043854
1 0.8252 0.39551 0.043854 0.043854
