1 0.25391 0.09082 0.052651 0.052651
1 0.33789 0.063477 0.052651 0.052651
1 0.24902 0.12793 0.052651 0.052651
1 0.33594 0.1377 0.052651 0.052651
1 0.33691 0.17969 0.052651 0.052651
1 0.33496 0.22168 0.052651 0.052651
1 0.31348 0.24805 0.052651 0.052651
1 0.30664 0.28613 0.052651 0.052651
1 0.34863 0.31348 0.052651 0.052651
1 0.27539 0.30566 0.052651 0.052651
1 0.35352 0.41113 0.052651 0.052651
1 0.30176 0.5293 0.052651 0.052651
1 0.37793 0.55176 0.052651 0.052651
1 0.39941 0.45703 0.052651 0.052651
1 0.43359 0.53613 0.052651 0.052651
1 0.39941 0.60938 0.052651 0.052651
1 0.50391 0.5791 0.052651 0.052651
1 0.52441 0.63086 0.052651 0.052651
1 0.44727 0.66113 0.052651 0.052651
1 0.46973 0.69141 0.052651 0.052651
1 0.4834 0.72656 0.052651 0.052651
1 0.56348 0.66895 0.052651 0.052651
1 0.63379 0.72559 0.052651 0.052651
1 0.61523 0.82422 0.052651 0.052651
1 0.68262 0.76465 0.052651 0.052651
1 0.71191 0.91895 0.052651 0.052651
1 0.79004 0.89844 0.052651 0.052651
