1 0.61035 0.91797 0.048281 0.048281
1 0.6543 0.8916 0.048281 0.048281
1 0.59473 0.84961 0.048281 0.048281
1 0.58398 0.79102 0.048281 0.048281
1 0.68848 0.89648 0.048281 0.048281
1 0.63379 0.83789 0.048281 0.048281
1 0.50293 0.82031 0.048281 0.048281
1 0.50977 0.73242 0.048281 0.048281
1 0.46875 0.73633 0.048281 0.048281
1 0.40234 0.67383 0.048281 0.048281
1 0.42285 0.60352 0.048281 0.048281
1 0.30664 0.53711 0.048281 0.048281
1 0.39648 0.52246 0.048281 0.048281
1 0.3252 0.40723 0.048281 0.048281
1 0.36719 0.44727 0.048281 0.048281
1 0.37988 0.40527 0.048281 0.048281
1 0.36426 0.36523 0.048281 0.048281
1 0.34473 0.33398 0.048281 0.048281
1 0.37695 0.32227 0.048281 0.048281
1 0.42188 0.36133 0.048281 0.048281
1 0.41992 0.29785 0.048281 0.048281
1 0.38672 0.17578 0.048281 0.048281
