1 0.91113 0.45313 0.052651 0.052651
1 0.87402 0.44531 0.052651 0.052651
1 0.90918 0.48438 0.052651 0.052651
1 0.78613 0.46875 0.052651 0.052651
1 0.78418 0.54688 0.052651 0.052651
1 0.77051 0.60547 0.052651 0.052651
1 0.69629 0.50488 0.052651 0.052651
1 0.70898 0.55859 0.052651 0.052651
1 0.67188 0.57129 0.052651 0.052651
1 0.64648 0.56348 0.052651 0.052651
1 0.59668 0.52734 0.052651 0.052651
1 0.52734 0.46582 0.052651 0.052651
1 0.50293 0.58008 0.052651 0.052651
1 0.45117 0.51855 0.052651 0.052651
1 0.37207 0.58203 0.052651 0.052651
1 0.33984 0.56152 0.052651 0.052651
1 0.1582 0.51758 0.052651 0.052651
1 0.17773 0.58984 0.052651 0.052651
1 0.086914 0.61035 0.052651 0.052651
1 0.47266 0.5 0.052651 0.052651
