1 0.90333 0.03 0.074844 0.074844
1 0.90833 0.105 0.074844 0.074844
1 0.87 0.083333 0.074844 0.074844
1 0.80333 0.105 0.074844 0.074844
1 0.765 0.165 0.074844 0.074844
1 0.9 0.145 0.074844 0.074844
1 0.69 0.17167 0.074844 0.074844
1 0.66667 0.26833 0.074844 0.074844
1 0.62167 0.25 0.074844 0.074844
1 0.44167 0.195 0.074844 0.074844
1 0.38833 0.21 0.074844 0.074844
1 0.39333 0.14833 0.074844 0.074844
1 0.28833 0.25667 0.074844 0.074844
1 0.29667 0.14667 0.074844 0.074844
1 0.21833 0.29833 0.074844 0.074844
1 0.27667 0.21167 0.074844 0.074844
1 0.25 0.19667 0.074844 0.074844
1 0.47833 0.13 0.074844 0.074844
1 0.12833 0.215 0.074844 0.074844
1 0.12167 0.16 0.074844 0.074844
1 0.091667 0.091667 0.074844 0.074844
1 0.068333 0.13333 0.074844 0.074844
1 0.028333 0.11333 0.074844 0.074844
1 0.055 0.18833 0.074844 0.074844
1 0.62 0.37 0.074844 0.074844
1 0.39 0.54833 0.074844 0.074844
1 0.44 0.51 0.074844 0.074844
1 0.29833 0.68667 0.074844 0.074844
1 0.27833 0.72333 0.074844 0.074844
1 0.27667 0.75333 0.074844 0.074844
1 0.31167 0.72 0.074844 0.074844
1 0.34 0.76 0.074844 0.074844
1 0.80333 0.24 0.074844 0.074844
1 0.88167 0.22333 0.074844 0.074844
1 0.845 0.26667 0.074844 0.074844
1 0.815 0.38667 0.074844 0.074844
1 0.76833 0.42167 0.074844 0.074844
1 0.82333 0.43333 0.074844 0.074844
1 0.735 0.48667 0.074844 0.074844
1 0.72167 0.54667 0.074844 0.074844
1 0.80333 0.51167 0.074844 0.074844
1 0.76667 0.655 0.074844 0.074844
1 0.72167 0.69333 0.074844 0.074844
1 0.455 0.965 0.074844 0.074844
1 0.465 0.91 0.074844 0.074844
1 0.57333 0.7 0.074844 0.074844
1 0.53 0.745 0.074844 0.074844
1 0.50833 0.91167 0.074844 0.074844
