1 0.68066 0.44922 0.052656 0.052656
1 0.63672 0.43359 0.052656 0.052656
1 0.56445 0.45996 0.052656 0.052656
1 0.50098 0.42578 0.052656 0.052656
1 0.52344 0.49121 0.052656 0.052656
1 0.4707 0.53711 0.052656 0.052656
1 0.4707 0.56934 0.052656 0.052656
1 0.45898 0.59766 0.052656 0.052656
1 0.41016 0.58984 0.052656 0.052656
1 0.375 0.56445 0.052656 0.052656
1 0.39258 0.66895 0.052656 0.052656
1 0.35352 0.71094 0.052656 0.052656
1 0.27344 0.7041 0.052656 0.052656
1 0.24512 0.69141 0.052656 0.052656
1 0.16797 0.71191 0.052656 0.052656
1 0.13574 0.75098 0.052656 0.052656
1 0.10645 0.79395 0.052656 0.052656
1 0.38672 0.63672 0.052656 0.052656
1 0.33496 0.67578 0.052656 0.052656
1 0.34277 0.58887 0.052656 0.052656
1 0.30762 0.64551 0.052656 0.052656
1 0.26758 0.63965 0.052656 0.052656
1 0.22754 0.65234 0.052656 0.052656
1 0.21484 0.56152 0.052656 0.052656
1 0.17676 0.64355 0.052656 0.052656
1 0.17773 0.66602 0.052656 0.052656
1 0.048828 0.66309 0.052656 0.052656
