1 0.73214 0.66895 0.068776 0.052656
1 0.82781 0.64746 0.068776 0.052656
1 0.76786 0.55176 0.068776 0.052656
1 0.71301 0.5625 0.068776 0.052656
1 0.67347 0.38086 0.068776 0.052656
1 0.70791 0.37305 0.068776 0.052656
1 0.8023 0.34766 0.068776 0.052656
1 0.83036 0.2959 0.068776 0.052656
1 0.90051 0.27832 0.068776 0.052656
1 0.89796 0.2002 0.068776 0.052656
1 0.66837 0.50879 0.068776 0.052656
1 0.65179 0.73242 0.068776 0.052656
1 0.6148 0.72266 0.068776 0.052656
1 0.48724 0.74609 0.068776 0.052656
1 0.54592 0.7793 0.068776 0.052656
1 0.51531 0.80762 0.068776 0.052656
1 0.46429 0.85352 0.068776 0.052656
1 0.42857 0.82324 0.068776 0.052656
1 0.38138 0.89746 0.068776 0.052656
1 0.33036 0.94922 0.068776 0.052656
1 0.1824 0.93359 0.068776 0.052656
1 0.12117 0.94043 0.068776 0.052656
1 0.60332 0.78223 0.068776 0.052656
