1 0.081055 0.94824 0.043854 0.043854
1 0.09668 0.91504 0.043854 0.043854
1 0.15137 0.79785 0.043854 0.043854
1 0.18652 0.87988 0.043854 0.043854
1 0.29785 0.72949 0.043854 0.043854
1 0.33594 0.71191 0.043854 0.043854
1 0.44824 0.65332 0.043854 0.043854
1 0.54199 0.6084 0.043854 0.043854
1 0.48145 0.5127 0.043854 0.043854
1 0.75098 0.34668 0.043854 0.043854
1 0.80859 0.35449 0.043854 0.043854
1 0.6748 0.45801 0.043854 0.043854
1 0.65332 0.39063 0.043854 0.043854
1 0.40234 0.65527 0.043854 0.043854
1 0.19824 0.78906 0.043854 0.043854
