1 0.89551 0.44629 0.048281 0.048281
1 0.86719 0.45605 0.048281 0.048281
1 0.87402 0.38672 0.048281 0.048281
1 0.82324 0.36523 0.048281 0.048281
1 0.79102 0.34863 0.048281 0.048281
1 0.75684 0.33984 0.048281 0.048281
1 0.7627 0.37012 0.048281 0.048281
1 0.71191 0.43457 0.048281 0.048281
1 0.7041 0.39941 0.048281 0.048281
1 0.67285 0.34961 0.048281 0.048281
1 0.63184 0.33301 0.048281 0.048281
1 0.62305 0.26953 0.048281 0.048281
1 0.59863 0.39453 0.048281 0.048281
1 0.55176 0.39063 0.048281 0.048281
1 0.52441 0.40039 0.048281 0.048281
1 0.44824 0.31543 0.048281 0.048281
1 0.46289 0.3916 0.048281 0.048281
1 0.36328 0.38867 0.048281 0.048281
1 0.36426 0.33496 0.048281 0.048281
1 0.36035 0.29785 0.048281 0.048281
1 0.54688 0.21973 0.048281 0.048281
1 0.79492 0.45703 0.048281 0.048281
1 0.73535 0.52441 0.048281 0.048281
1 0.70703 0.5459 0.048281 0.048281
1 0.66504 0.58301 0.048281 0.048281
1 0.63379 0.49316 0.048281 0.048281
1 0.61133 0.56934 0.048281 0.048281
1 0.57324 0.56348 0.048281 0.048281
1 0.50977 0.5 0.048281 0.048281
1 0.57227 0.45117 0.048281 0.048281
1 0.5293 0.44238 0.048281 0.048281
1 0.49121 0.43457 0.048281 0.048281
1 0.43848 0.43652 0.048281 0.048281
1 0.39648 0.56836 0.048281 0.048281
1 0.35742 0.53516 0.048281 0.048281
1 0.34473 0.60254 0.048281 0.048281
1 0.32129 0.59375 0.048281 0.048281
1 0.27148 0.65918 0.048281 0.048281
1 0.30859 0.71777 0.048281 0.048281
1 0.23828 0.78223 0.048281 0.048281
1 0.20313 0.79883 0.048281 0.048281
1 0.13672 0.73145 0.048281 0.048281
1 0.17773 0.77051 0.048281 0.048281
1 0.61133 0.52539 0.048281 0.048281
