1 0.074219 0.14648 0.052651 0.052651
1 0.06543 0.20801 0.052651 0.052651
1 0.17578 0.16992 0.052651 0.052651
1 0.21582 0.25098 0.052651 0.052651
1 0.15332 0.36133 0.052651 0.052651
1 0.20996 0.35938 0.052651 0.052651
1 0.29297 0.37598 0.052651 0.052651
1 0.33203 0.37305 0.052651 0.052651
1 0.2627 0.46875 0.052651 0.052651
1 0.33691 0.43848 0.052651 0.052651
1 0.36328 0.41895 0.052651 0.052651
1 0.35449 0.47266 0.052651 0.052651
1 0.33789 0.57031 0.052651 0.052651
1 0.39551 0.5752 0.052651 0.052651
1 0.40527 0.68262 0.052651 0.052651
1 0.46191 0.70703 0.052651 0.052651
1 0.54297 0.68066 0.052651 0.052651
1 0.51172 0.72949 0.052651 0.052651
1 0.52539 0.77832 0.052651 0.052651
1 0.55273 0.79492 0.052651 0.052651
1 0.6123 0.82129 0.052651 0.052651
1 0.65332 0.8418 0.052651 0.052651
1 0.70215 0.77637 0.052651 0.052651
1 0.74414 0.85156 0.052651 0.052651
1 0.79199 0.86719 0.052651 0.052651
1 0.85645 0.84766 0.052651 0.052651
1 0.90723 0.84766 0.052651 0.052651
1 0.87988 0.91504 0.052651 0.052651
1 0.91504 0.9082 0.052651 0.052651
1 0.65723 0.69922 0.052651 0.052651
