1 0.6875 0.97461 0.039479 0.039479
1 0.6582 0.9668 0.039479 0.039479
1 0.67676 0.93652 0.039479 0.039479
1 0.69531 0.91699 0.039479 0.039479
1 0.69043 0.86035 0.039479 0.039479
1 0.62305 0.84375 0.039479 0.039479
1 0.65332 0.78125 0.039479 0.039479
1 0.61426 0.7627 0.039479 0.039479
1 0.63281 0.71973 0.039479 0.039479
1 0.6582 0.6709 0.039479 0.039479
1 0.56348 0.59473 0.039479 0.039479
1 0.53906 0.58984 0.039479 0.039479
1 0.5166 0.54688 0.039479 0.039479
1 0.57324 0.53809 0.039479 0.039479
1 0.58203 0.56152 0.039479 0.039479
1 0.47266 0.39941 0.039479 0.039479
1 0.4082 0.29395 0.039479 0.039479
1 0.33887 0.18555 0.039479 0.039479
1 0.24316 0.14355 0.039479 0.039479
1 0.22363 0.057617 0.039479 0.039479
1 0.26367 0.013672 0.039479 0.039479
1 0.28711 0.15625 0.039479 0.039479
1 0.47363 0.5166 0.039479 0.039479
