1 0.3291 0.054688 0.043854 0.043854
1 0.34473 0.040039 0.043854 0.043854
1 0.37891 0.051758 0.043854 0.043854
1 0.36914 0.079102 0.043854 0.043854
1 0.42578 0.12598 0.043854 0.043854
1 0.375 0.16406 0.043854 0.043854
1 0.36621 0.21289 0.043854 0.043854
1 0.36816 0.24316 0.043854 0.043854
1 0.42676 0.2002 0.043854 0.043854
1 0.40723 0.33301 0.043854 0.043854
1 0.39453 0.28711 0.043854 0.043854
1 0.3623 0.33203 0.043854 0.043854
1 0.33301 0.29785 0.043854 0.043854
1 0.37207 0.40332 0.043854 0.043854
1 0.40234 0.42188 0.043854 0.043854
1 0.41699 0.38086 0.043854 0.043854
1 0.44238 0.36816 0.043854 0.043854
1 0.4541 0.38867 0.043854 0.043854
1 0.45801 0.41895 0.043854 0.043854
1 0.4834 0.44434 0.043854 0.043854
1 0.44434 0.47168 0.043854 0.043854
1 0.46973 0.49902 0.043854 0.043854
1 0.53125 0.53516 0.043854 0.043854
1 0.57422 0.56934 0.043854 0.043854
1 0.57617 0.59375 0.043854 0.043854
1 0.5957 0.61914 0.043854 0.043854
1 0.56641 0.66602 0.043854 0.043854
1 0.60547 0.67578 0.043854 0.043854
1 0.56934 0.69141 0.043854 0.043854
1 0.61328 0.70703 0.043854 0.043854
1 0.61426 0.73535 0.043854 0.043854
1 0.62695 0.75488 0.043854 0.043854
1 0.59961 0.76465 0.043854 0.043854
1 0.57031 0.75586 0.043854 0.043854
1 0.58203 0.79297 0.043854 0.043854
1 0.62305 0.85742 0.043854 0.043854
1 0.62305 0.90039 0.043854 0.043854
1 0.64453 0.81348 0.043854 0.043854
