1 0.90625 0.89648 0.043854 0.043854
1 0.84961 0.81445 0.043854 0.043854
1 0.91504 0.7832 0.043854 0.043854
1 0.94043 0.60742 0.043854 0.043854
1 0.87305 0.49414 0.043854 0.043854
1 0.7832 0.41992 0.043854 0.043854
1 0.85547 0.39648 0.043854 0.043854
1 0.86426 0.30273 0.043854 0.043854
1 0.83301 0.30273 0.043854 0.043854
1 0.77539 0.20117 0.043854 0.043854
1 0.84473 0.20898 0.043854 0.043854
1 0.80078 0.59863 0.043854 0.043854
1 0.74805 0.57617 0.043854 0.043854
1 0.63184 0.58008 0.043854 0.043854
1 0.60059 0.59961 0.043854 0.043854
1 0.57129 0.61133 0.043854 0.043854
1 0.5957 0.67285 0.043854 0.043854
1 0.51855 0.6543 0.043854 0.043854
1 0.37695 0.66211 0.043854 0.043854
1 0.37305 0.70898 0.043854 0.043854
1 0.39551 0.72852 0.043854 0.043854
1 0.32422 0.71777 0.043854 0.043854
1 0.44043 0.65527 0.043854 0.043854
1 0.43555 0.68945 0.043854 0.043854
1 0.54785 0.65039 0.043854 0.043854
1 0.33203 0.7666 0.043854 0.043854
1 0.29785 0.77441 0.043854 0.043854
1 0.28125 0.79883 0.043854 0.043854
1 0.26953 0.72461 0.043854 0.043854
1 0.18359 0.74707 0.043854 0.043854
1 0.18359 0.81055 0.043854 0.043854
1 0.15527 0.79297 0.043854 0.043854
1 0.1084 0.7666 0.043854 0.043854
1 0.058594 0.77832 0.043854 0.043854
1 0.09375 0.70801 0.043854 0.043854
1 0.074219 0.69043 0.043854 0.043854
1 0.027344 0.69434 0.043854 0.043854
1 0.82324 0.54785 0.043854 0.043854
1 0.78418 0.56836 0.043854 0.043854
1 0.80566 0.51367 0.043854 0.043854
1 0.74805 0.54102 0.043854 0.043854
1 0.74023 0.5166 0.043854 0.043854
1 0.76563 0.45117 0.043854 0.043854
1 0.69238 0.49707 0.043854 0.043854
1 0.60645 0.44727 0.043854 0.043854
1 0.60352 0.35547 0.043854 0.043854
1 0.61328 0.37988 0.043854 0.043854
1 0.65234 0.3877 0.043854 0.043854
1 0.64844 0.41992 0.043854 0.043854
1 0.66016 0.47168 0.043854 0.043854
1 0.55859 0.34961 0.043854 0.043854
1 0.50977 0.32129 0.043854 0.043854
1 0.47754 0.29883 0.043854 0.043854
1 0.48242 0.37695 0.043854 0.043854
1 0.46387 0.40332 0.043854 0.043854
1 0.43848 0.36914 0.043854 0.043854
1 0.41504 0.31836 0.043854 0.043854
1 0.41504 0.37988 0.043854 0.043854
1 0.52734 0.39941 0.043854 0.043854
1 0.55762 0.38086 0.043854 0.043854
1 0.36523 0.37109 0.043854 0.043854
1 0.34082 0.31445 0.043854 0.043854
