1 0.39063 0.25195 0.052656 0.052656
1 0.48242 0.24219 0.052656 0.052656
1 0.46191 0.27734 0.052656 0.052656
1 0.42578 0.33301 0.052656 0.052656
1 0.45215 0.36719 0.052656 0.052656
1 0.55078 0.40723 0.052656 0.052656
1 0.46289 0.47852 0.052656 0.052656
1 0.50586 0.4668 0.052656 0.052656
1 0.52637 0.5625 0.052656 0.052656
1 0.53223 0.58887 0.052656 0.052656
1 0.5 0.60449 0.052656 0.052656
1 0.44727 0.65918 0.052656 0.052656
1 0.45117 0.69727 0.052656 0.052656
1 0.4043 0.71875 0.052656 0.052656
1 0.49023 0.67578 0.052656 0.052656
1 0.50879 0.71582 0.052656 0.052656
1 0.47559 0.73242 0.052656 0.052656
1 0.53223 0.74316 0.052656 0.052656
1 0.5293 0.77246 0.052656 0.052656
1 0.50391 0.79492 0.052656 0.052656
1 0.45996 0.77734 0.052656 0.052656
1 0.43945 0.8418 0.052656 0.052656
1 0.52734 0.89941 0.052656 0.052656
1 0.47656 0.19922 0.052656 0.052656
1 0.55469 0.19922 0.052656 0.052656
1 0.5957 0.17969 0.052656 0.052656
1 0.69043 0.22363 0.052656 0.052656
