1 0.44238 0.25488 0.043854 0.043854
1 0.44238 0.22754 0.043854 0.043854
1 0.46191 0.27246 0.043854 0.043854
1 0.44238 0.32617 0.043854 0.043854
1 0.4707 0.34473 0.043854 0.043854
1 0.49512 0.35254 0.043854 0.043854
1 0.49023 0.32227 0.043854 0.043854
1 0.54688 0.30176 0.043854 0.043854
1 0.55664 0.3291 0.043854 0.043854
1 0.54883 0.36426 0.043854 0.043854
1 0.5791 0.41602 0.043854 0.043854
1 0.58984 0.43945 0.043854 0.043854
1 0.60352 0.37598 0.043854 0.043854
1 0.62598 0.38281 0.043854 0.043854
1 0.6543 0.4043 0.043854 0.043854
1 0.71875 0.4502 0.043854 0.043854
1 0.16602 0.53125 0.043854 0.043854
1 0.16113 0.48242 0.043854 0.043854
1 0.26758 0.50488 0.043854 0.043854
1 0.32617 0.50586 0.043854 0.043854
1 0.35059 0.56445 0.043854 0.043854
1 0.41504 0.5332 0.043854 0.043854
1 0.4375 0.58301 0.043854 0.043854
1 0.44238 0.55371 0.043854 0.043854
1 0.55176 0.62207 0.043854 0.043854
1 0.58105 0.61621 0.043854 0.043854
1 0.62207 0.64648 0.043854 0.043854
1 0.6416 0.62695 0.043854 0.043854
1 0.61914 0.58398 0.043854 0.043854
1 0.5957 0.6875 0.043854 0.043854
1 0.72461 0.71387 0.043854 0.043854
1 0.72754 0.6582 0.043854 0.043854
1 0.80762 0.72949 0.043854 0.043854
1 0.83203 0.68164 0.043854 0.043854
1 0.79004 0.68945 0.043854 0.043854
1 0.93457 0.71582 0.043854 0.043854
1 0.9502 0.75977 0.043854 0.043854
1 0.91113 0.7373 0.043854 0.043854
1 0.64648 0.6875 0.043854 0.043854
1 0.68262 0.71289 0.043854 0.043854
1 0.64258 0.56934 0.043854 0.043854
1 0.59473 0.55273 0.043854 0.043854
1 0.63379 0.5127 0.043854 0.043854
1 0.69336 0.52637 0.043854 0.043854
1 0.73047 0.57129 0.043854 0.043854
1 0.80078 0.5625 0.043854 0.043854
1 0.86426 0.51465 0.043854 0.043854
1 0.92578 0.62305 0.043854 0.043854
1 0.90234 0.65039 0.043854 0.043854
1 0.88867 0.62109 0.043854 0.043854
