1 0.0625 0.4668 0.052604 0.052604
1 0.10938 0.49414 0.052604 0.052604
1 0.13184 0.53711 0.052604 0.052604
1 0.11035 0.56055 0.052604 0.052604
1 0.1543 0.58594 0.052604 0.052604
1 0.16602 0.51563 0.052604 0.052604
1 0.28125 0.60156 0.052604 0.052604
1 0.36328 0.58984 0.052604 0.052604
1 0.39551 0.55469 0.052604 0.052604
1 0.40332 0.59766 0.052604 0.052604
1 0.49219 0.60156 0.052604 0.052604
1 0.5293 0.62305 0.052604 0.052604
1 0.53125 0.56055 0.052604 0.052604
1 0.58594 0.58887 0.052604 0.052604
1 0.65039 0.56641 0.052604 0.052604
1 0.70215 0.60938 0.052604 0.052604
1 0.74023 0.62695 0.052604 0.052604
1 0.8291 0.59863 0.052604 0.052604
1 0.85547 0.59668 0.052604 0.052604
1 0.92676 0.54297 0.052604 0.052604
1 0.96094 0.49023 0.052604 0.052604
