1 0.96191 0.88867 0.052604 0.052604
1 0.84766 0.79492 0.052604 0.052604
1 0.71875 0.69141 0.052604 0.052604
1 0.67773 0.66113 0.052604 0.052604
1 0.65625 0.62402 0.052604 0.052604
1 0.58105 0.64551 0.052604 0.052604
1 0.51367 0.55664 0.052604 0.052604
1 0.52344 0.50977 0.052604 0.052604
1 0.47461 0.59766 0.052604 0.052604
1 0.47266 0.56934 0.052604 0.052604
1 0.4668 0.5332 0.052604 0.052604
1 0.48535 0.51367 0.052604 0.052604
1 0.43457 0.50195 0.052604 0.052604
1 0.37012 0.50195 0.052604 0.052604
1 0.34766 0.45508 0.052604 0.052604
1 0.38184 0.4668 0.052604 0.052604
1 0.30566 0.41211 0.052604 0.052604
1 0.29688 0.45313 0.052604 0.052604
1 0.24316 0.46094 0.052604 0.052604
1 0.27246 0.43457 0.052604 0.052604
1 0.20215 0.43555 0.052604 0.052604
1 0.21191 0.39258 0.052604 0.052604
1 0.17676 0.39648 0.052604 0.052604
1 0.12305 0.40039 0.052604 0.052604
1 0.081055 0.42773 0.052604 0.052604
