1 0.95508 0.69629 0.052651 0.052651
1 0.88477 0.68945 0.052651 0.052651
1 0.82129 0.70996 0.052651 0.052651
1 0.79102 0.6875 0.052651 0.052651
1 0.78906 0.63477 0.052651 0.052651
1 0.61719 0.67285 0.052651 0.052651
1 0.64453 0.65234 0.052651 0.052651
1 0.54297 0.52344 0.052651 0.052651
1 0.4834 0.49316 0.052651 0.052651
1 0.48047 0.43457 0.052651 0.052651
1 0.35742 0.375 0.052651 0.052651
1 0.38281 0.44922 0.052651 0.052651
1 0.26074 0.41797 0.052651 0.052651
1 0.25781 0.38281 0.052651 0.052651
1 0.13672 0.36328 0.052651 0.052651
1 0.18262 0.3291 0.052651 0.052651
1 0.10547 0.29297 0.052651 0.052651
1 0.10254 0.41895 0.052651 0.052651
