1 0.1377 0.56055 0.052656 0.052656
1 0.21582 0.62891 0.052656 0.052656
1 0.25488 0.59863 0.052656 0.052656
1 0.22461 0.53223 0.052656 0.052656
1 0.24805 0.51953 0.052656 0.052656
1 0.2959 0.61719 0.052656 0.052656
1 0.30469 0.59668 0.052656 0.052656
1 0.31543 0.51172 0.052656 0.052656
1 0.34766 0.62402 0.052656 0.052656
1 0.35352 0.58789 0.052656 0.052656
1 0.3877 0.52832 0.052656 0.052656
1 0.4209 0.62695 0.052656 0.052656
1 0.46484 0.66016 0.052656 0.052656
1 0.42285 0.52051 0.052656 0.052656
1 0.52441 0.52637 0.052656 0.052656
1 0.56543 0.58984 0.052656 0.052656
1 0.56152 0.55371 0.052656 0.052656
1 0.6582 0.53125 0.052656 0.052656
1 0.69238 0.53516 0.052656 0.052656
1 0.73047 0.55176 0.052656 0.052656
1 0.71777 0.59082 0.052656 0.052656
1 0.79395 0.58594 0.052656 0.052656
1 0.76758 0.66797 0.052656 0.052656
1 0.85547 0.65723 0.052656 0.052656
1 0.90918 0.68066 0.052656 0.052656
1 0.92383 0.57813 0.052656 0.052656
