1 0.77051 0.55957 0.052651 0.052651
1 0.73633 0.53516 0.052651 0.052651
1 0.66406 0.53906 0.052651 0.052651
1 0.61523 0.53516 0.052651 0.052651
1 0.57422 0.49023 0.052651 0.052651
1 0.58105 0.43359 0.052651 0.052651
1 0.73535 0.46875 0.052651 0.052651
1 0.68066 0.48145 0.052651 0.052651
1 0.68066 0.42578 0.052651 0.052651
1 0.63672 0.41504 0.052651 0.052651
1 0.65723 0.36719 0.052651 0.052651
1 0.58203 0.33105 0.052651 0.052651
1 0.55957 0.27246 0.052651 0.052651
1 0.54883 0.2041 0.052651 0.052651
1 0.59766 0.18457 0.052651 0.052651
1 0.66113 0.22461 0.052651 0.052651
1 0.66504 0.29102 0.052651 0.052651
1 0.86426 0.79883 0.052651 0.052651
1 0.83301 0.75098 0.052651 0.052651
1 0.81836 0.78809 0.052651 0.052651
1 0.75781 0.80273 0.052651 0.052651
1 0.6875 0.80371 0.052651 0.052651
1 0.67773 0.74707 0.052651 0.052651
1 0.62793 0.83594 0.052651 0.052651
1 0.5918 0.7793 0.052651 0.052651
1 0.56738 0.83398 0.052651 0.052651
1 0.54004 0.7666 0.052651 0.052651
1 0.52051 0.84277 0.052651 0.052651
1 0.48145 0.84375 0.052651 0.052651
1 0.4502 0.84961 0.052651 0.052651
1 0.41992 0.85449 0.052651 0.052651
1 0.42383 0.75 0.052651 0.052651
1 0.37402 0.7666 0.052651 0.052651
1 0.35547 0.8623 0.052651 0.052651
1 0.32227 0.87891 0.052651 0.052651
1 0.30176 0.79785 0.052651 0.052651
1 0.25488 0.76465 0.052651 0.052651
1 0.25488 0.81348 0.052651 0.052651
