1 0.77539 0.21484 0.052656 0.052656
1 0.82031 0.26758 0.052656 0.052656
1 0.81152 0.30176 0.052656 0.052656
1 0.68848 0.3125 0.052656 0.052656
1 0.77148 0.31738 0.052656 0.052656
1 0.74902 0.34668 0.052656 0.052656
1 0.74609 0.4209 0.052656 0.052656
1 0.70703 0.41309 0.052656 0.052656
1 0.6748 0.35742 0.052656 0.052656
1 0.59766 0.41504 0.052656 0.052656
1 0.71484 0.3623 0.052656 0.052656
1 0.61719 0.43555 0.052656 0.052656
1 0.55957 0.47168 0.052656 0.052656
1 0.52344 0.50586 0.052656 0.052656
1 0.68262 0.48242 0.052656 0.052656
1 0.56641 0.5332 0.052656 0.052656
1 0.54688 0.56348 0.052656 0.052656
1 0.5332 0.58789 0.052656 0.052656
1 0.46973 0.5625 0.052656 0.052656
1 0.66992 0.41602 0.052656 0.052656
1 0.39355 0.62891 0.052656 0.052656
1 0.36426 0.6416 0.052656 0.052656
1 0.33984 0.6543 0.052656 0.052656
1 0.28125 0.6543 0.052656 0.052656
1 0.24805 0.65625 0.052656 0.052656
1 0.2627 0.72754 0.052656 0.052656
1 0.19629 0.75195 0.052656 0.052656
1 0.16406 0.79004 0.052656 0.052656
1 0.13379 0.90039 0.052656 0.052656
1 0.094727 0.86719 0.052656 0.052656
