1 0.9248 0.55176 0.052651 0.052651
1 0.8252 0.60059 0.052651 0.052651
1 0.76367 0.53906 0.052651 0.052651
1 0.62012 0.50098 0.052651 0.052651
1 0.57813 0.50586 0.052651 0.052651
1 0.63379 0.57813 0.052651 0.052651
1 0.44922 0.60742 0.052651 0.052651
1 0.46875 0.49316 0.052651 0.052651
1 0.43652 0.5127 0.052651 0.052651
1 0.39941 0.58008 0.052651 0.052651
1 0.35645 0.5791 0.052651 0.052651
1 0.31836 0.54688 0.052651 0.052651
1 0.30371 0.5791 0.052651 0.052651
1 0.1875 0.58203 0.052651 0.052651
1 0.12891 0.49512 0.052651 0.052651
1 0.094727 0.51172 0.052651 0.052651
1 0.071289 0.59082 0.052651 0.052651
1 0.032227 0.58691 0.052651 0.052651
