1 0.8916 0.50293 0.043854 0.043854
1 0.91895 0.57324 0.043854 0.043854
1 0.84082 0.61816 0.043854 0.043854
1 0.75 0.58594 0.043854 0.043854
1 0.63965 0.66016 0.043854 0.043854
1 0.59473 0.62891 0.043854 0.043854
1 0.58008 0.53906 0.043854 0.043854
1 0.61426 0.60645 0.043854 0.043854
1 0.62891 0.59375 0.043854 0.043854
1 0.44531 0.5127 0.043854 0.043854
1 0.38086 0.50586 0.043854 0.043854
1 0.35938 0.50293 0.043854 0.043854
1 0.69922 0.57813 0.043854 0.043854
1 0.8418 0.55176 0.043854 0.043854
1 0.85645 0.58203 0.043854 0.043854
1 0.18652 0.54297 0.043854 0.043854
1 0.19922 0.57324 0.043854 0.043854
1 0.13672 0.63086 0.043854 0.043854
1 0.1123 0.5791 0.043854 0.043854
1 0.038086 0.54004 0.043854 0.043854
1 0.071289 0.58887 0.043854 0.043854
1 0.060547 0.6123 0.043854 0.043854
1 0.31641 0.89648 0.043854 0.043854
1 0.38672 0.88672 0.043854 0.043854
1 0.39453 0.85547 0.043854 0.043854
1 0.33203 0.85156 0.043854 0.043854
1 0.35156 0.83789 0.043854 0.043854
1 0.36328 0.76172 0.043854 0.043854
1 0.36914 0.73047 0.043854 0.043854
1 0.42773 0.73633 0.043854 0.043854
1 0.41016 0.78125 0.043854 0.043854
1 0.49219 0.51758 0.043854 0.043854
1 0.51758 0.53711 0.043854 0.043854
1 0.53906 0.55469 0.043854 0.043854
1 0.47266 0.5918 0.043854 0.043854
1 0.51367 0.63281 0.043854 0.043854
1 0.73047 0.62695 0.043854 0.043854
1 0.74609 0.55469 0.043854 0.043854
1 0.93555 0.49609 0.043854 0.043854
1 0.95313 0.55859 0.043854 0.043854
1 0.42188 0.49414 0.043854 0.043854
1 0.30859 0.49609 0.043854 0.043854
1 0.21484 0.59766 0.043854 0.043854
