1 0.033203 0.62793 0.052651 0.052651
1 0.084961 0.7041 0.052651 0.052651
1 0.12891 0.67969 0.052651 0.052651
1 0.076172 0.57324 0.052651 0.052651
1 0.20801 0.52441 0.052651 0.052651
1 0.27148 0.44141 0.052651 0.052651
1 0.33008 0.53516 0.052651 0.052651
1 0.3584 0.4248 0.052651 0.052651
1 0.39941 0.51172 0.052651 0.052651
1 0.41895 0.43359 0.052651 0.052651
1 0.44629 0.46094 0.052651 0.052651
1 0.5127 0.43359 0.052651 0.052651
1 0.54102 0.4834 0.052651 0.052651
1 0.58301 0.49219 0.052651 0.052651
1 0.61816 0.45996 0.052651 0.052651
1 0.59668 0.32617 0.052651 0.052651
1 0.6416 0.36816 0.052651 0.052651
1 0.71973 0.42969 0.052651 0.052651
1 0.77051 0.39844 0.052651 0.052651
1 0.72363 0.34766 0.052651 0.052651
1 0.82031 0.3623 0.052651 0.052651
1 0.80273 0.2832 0.052651 0.052651
1 0.85742 0.30664 0.052651 0.052651
1 0.8877 0.33691 0.052651 0.052651
1 0.87988 0.24414 0.052651 0.052651
1 0.90723 0.22754 0.052651 0.052651
1 0.93848 0.29004 0.052651 0.052651
1 0.18945 0.47754 0.052651 0.052651
1 0.1582 0.40332 0.052651 0.052651
1 0.2002 0.38574 0.052651 0.052651
1 0.20605 0.33496 0.052651 0.052651
1 0.11523 0.35645 0.052651 0.052651
1 0.11816 0.31543 0.052651 0.052651
1 0.13184 0.27637 0.052651 0.052651
1 0.125 0.16992 0.052651 0.052651
1 0.16992 0.24316 0.052651 0.052651
1 0.19629 0.22754 0.052651 0.052651
1 0.14746 0.73535 0.052651 0.052651
1 0.098633 0.77734 0.052651 0.052651
1 0.20898 0.7627 0.052651 0.052651
1 0.2002 0.85254 0.052651 0.052651
1 0.23926 0.83984 0.052651 0.052651
