1 0.22363 0.2002 0.052604 0.052604
1 0.30176 0.20703 0.052604 0.052604
1 0.30664 0.24805 0.052604 0.052604
1 0.20313 0.24316 0.052604 0.052604
1 0.12402 0.35547 0.052604 0.052604
1 0.17676 0.33789 0.052604 0.052604
1 0.18164 0.38086 0.052604 0.052604
1 0.26367 0.36133 0.052604 0.052604
1 0.30762 0.48926 0.052604 0.052604
1 0.40625 0.48145 0.052604 0.052604
1 0.46582 0.43555 0.052604 0.052604
1 0.53027 0.45215 0.052604 0.052604
1 0.6084 0.48438 0.052604 0.052604
1 0.65527 0.57422 0.052604 0.052604
1 0.68359 0.61914 0.052604 0.052604
1 0.71484 0.59375 0.052604 0.052604
1 0.73047 0.63086 0.052604 0.052604
1 0.76367 0.58594 0.052604 0.052604
1 0.81445 0.63867 0.052604 0.052604
1 0.85156 0.61426 0.052604 0.052604
1 0.89355 0.66016 0.052604 0.052604
1 0.94531 0.7002 0.052604 0.052604
1 0.60938 0.54492 0.052604 0.052604
