1 0.98333 0.90667 0.074844 0.074844
1 0.97 0.94167 0.074844 0.074844
1 0.93333 0.92 0.074844 0.074844
1 0.82333 0.90667 0.074844 0.074844
1 0.55667 0.78833 0.074844 0.074844
1 0.49167 0.645 0.074844 0.074844
1 0.43333 0.455 0.074844 0.074844
1 0.37167 0.51333 0.074844 0.074844
1 0.34333 0.47833 0.074844 0.074844
1 0.31 0.47 0.074844 0.074844
1 0.34833 0.39 0.074844 0.074844
1 0.19333 0.16833 0.074844 0.074844
1 0.19 0.13333 0.074844 0.074844
1 0.23833 0.035 0.074844 0.074844
1 0.25167 0.12167 0.074844 0.074844
1 0.555 0.62333 0.074844 0.074844
1 0.75167 0.89667 0.074844 0.074844
