1 0.047852 0.60059 0.052656 0.052656
1 0.066406 0.66211 0.052656 0.052656
1 0.10547 0.60059 0.052656 0.052656
1 0.14844 0.61523 0.052656 0.052656
1 0.13867 0.65234 0.052656 0.052656
1 0.12793 0.69141 0.052656 0.052656
1 0.17871 0.6582 0.052656 0.052656
1 0.25781 0.69824 0.052656 0.052656
1 0.25098 0.61719 0.052656 0.052656
1 0.3252 0.60645 0.052656 0.052656
1 0.35938 0.58984 0.052656 0.052656
1 0.28125 0.66602 0.052656 0.052656
1 0.46973 0.62695 0.052656 0.052656
1 0.47266 0.58203 0.052656 0.052656
1 0.53711 0.57227 0.052656 0.052656
1 0.46191 0.5127 0.052656 0.052656
1 0.61035 0.51758 0.052656 0.052656
1 0.625 0.46484 0.052656 0.052656
1 0.70801 0.45898 0.052656 0.052656
1 0.76074 0.44141 0.052656 0.052656
1 0.74805 0.41895 0.052656 0.052656
1 0.82813 0.46191 0.052656 0.052656
1 0.87402 0.40723 0.052656 0.052656
1 0.66699 0.52734 0.052656 0.052656
1 0.72363 0.60938 0.052656 0.052656
1 0.76953 0.65039 0.052656 0.052656
