1 0.078125 0.3457 0.052656 0.052656
1 0.098633 0.3125 0.052656 0.052656
1 0.31348 0.28516 0.052656 0.052656
1 0.30957 0.32422 0.052656 0.052656
1 0.17676 0.35938 0.052656 0.052656
1 0.20508 0.38379 0.052656 0.052656
1 0.25098 0.43457 0.052656 0.052656
1 0.27539 0.47461 0.052656 0.052656
1 0.33398 0.48047 0.052656 0.052656
1 0.38867 0.44238 0.052656 0.052656
1 0.43066 0.4707 0.052656 0.052656
1 0.4707 0.47363 0.052656 0.052656
1 0.51465 0.47266 0.052656 0.052656
1 0.51563 0.55469 0.052656 0.052656
1 0.48535 0.56348 0.052656 0.052656
1 0.53516 0.58496 0.052656 0.052656
1 0.56348 0.59668 0.052656 0.052656
1 0.60742 0.63477 0.052656 0.052656
1 0.64453 0.62988 0.052656 0.052656
1 0.62109 0.6875 0.052656 0.052656
1 0.66113 0.72363 0.052656 0.052656
1 0.7002 0.72363 0.052656 0.052656
1 0.68066 0.67285 0.052656 0.052656
1 0.70313 0.67773 0.052656 0.052656
1 0.74219 0.69043 0.052656 0.052656
1 0.74512 0.75391 0.052656 0.052656
1 0.80078 0.72852 0.052656 0.052656
1 0.81152 0.75781 0.052656 0.052656
1 0.82227 0.73438 0.052656 0.052656
1 0.91699 0.80273 0.052656 0.052656
1 0.94727 0.73535 0.052656 0.052656
1 0.98535 0.79395 0.052656 0.052656
1 0.82617 0.79297 0.052656 0.052656
