1 0.96777 0.17285 0.052656 0.052656
1 0.92676 0.16992 0.052656 0.052656
1 0.89453 0.29297 0.052656 0.052656
1 0.85352 0.27344 0.052656 0.052656
1 0.85547 0.23242 0.052656 0.052656
1 0.77344 0.22852 0.052656 0.052656
1 0.68457 0.32422 0.052656 0.052656
1 0.66992 0.37598 0.052656 0.052656
1 0.64746 0.40137 0.052656 0.052656
1 0.66602 0.43848 0.052656 0.052656
1 0.57715 0.52148 0.052656 0.052656
1 0.53711 0.55371 0.052656 0.052656
1 0.56055 0.58105 0.052656 0.052656
1 0.45117 0.51953 0.052656 0.052656
1 0.43164 0.53906 0.052656 0.052656
1 0.38379 0.63379 0.052656 0.052656
1 0.39453 0.59766 0.052656 0.052656
1 0.32031 0.62891 0.052656 0.052656
1 0.33496 0.58887 0.052656 0.052656
1 0.27344 0.55469 0.052656 0.052656
1 0.25293 0.58691 0.052656 0.052656
1 0.27637 0.62598 0.052656 0.052656
1 0.18555 0.6709 0.052656 0.052656
1 0.14063 0.66211 0.052656 0.052656
1 0.10156 0.71875 0.052656 0.052656
1 0.047852 0.77637 0.052656 0.052656
1 0.39551 0.45996 0.052656 0.052656
1 0.35254 0.44531 0.052656 0.052656
1 0.29785 0.37988 0.052656 0.052656
