1 0.62207 0.18066 0.043854 0.043854
1 0.61719 0.27734 0.043854 0.043854
1 0.67676 0.33984 0.043854 0.043854
1 0.63086 0.24414 0.043854 0.043854
1 0.68652 0.42578 0.043854 0.043854
1 0.74023 0.48926 0.043854 0.043854
1 0.65137 0.61719 0.043854 0.043854
1 0.62891 0.62598 0.043854 0.043854
1 0.66211 0.70801 0.043854 0.043854
1 0.67188 0.74609 0.043854 0.043854
1 0.69434 0.66113 0.043854 0.043854
1 0.3457 0.21191 0.043854 0.043854
1 0.41699 0.39746 0.043854 0.043854
1 0.44727 0.39551 0.043854 0.043854
1 0.49902 0.50586 0.043854 0.043854
1 0.4873 0.54004 0.043854 0.043854
1 0.56152 0.58301 0.043854 0.043854
1 0.51367 0.75781 0.043854 0.043854
1 0.58691 0.76172 0.043854 0.043854
1 0.51367 0.84863 0.043854 0.043854
1 0.48926 0.6377 0.043854 0.043854
1 0.4668 0.84082 0.043854 0.043854
1 0.56836 0.92676 0.043854 0.043854
1 0.73242 0.9209 0.043854 0.043854
