1 0.44434 0.80273 0.052604 0.052604
1 0.50293 0.82617 0.052604 0.052604
1 0.51855 0.64941 0.052604 0.052604
1 0.60449 0.55371 0.052604 0.052604
1 0.58984 0.51172 0.052604 0.052604
1 0.65723 0.4668 0.052604 0.052604
1 0.5791 0.42383 0.052604 0.052604
1 0.67188 0.38379 0.052604 0.052604
1 0.6084 0.34961 0.052604 0.052604
1 0.64355 0.30762 0.052604 0.052604
1 0.7041 0.32227 0.052604 0.052604
1 0.73828 0.25977 0.052604 0.052604
1 0.67383 0.20801 0.052604 0.052604
1 0.47656 0.5752 0.052604 0.052604
1 0.50098 0.54883 0.052604 0.052604
1 0.48828 0.5127 0.052604 0.052604
1 0.44336 0.50586 0.052604 0.052604
1 0.38867 0.45508 0.052604 0.052604
1 0.35449 0.4248 0.052604 0.052604
1 0.29492 0.37305 0.052604 0.052604
1 0.23047 0.22461 0.052604 0.052604
