1 0.36621 0.28125 0.052651 0.052651
1 0.42969 0.30957 0.052651 0.052651
1 0.46289 0.40137 0.052651 0.052651
1 0.5293 0.28223 0.052651 0.052651
1 0.63281 0.33691 0.052651 0.052651
1 0.65918 0.29395 0.052651 0.052651
1 0.74316 0.14844 0.052651 0.052651
1 0.66797 0.55762 0.052651 0.052651
1 0.64941 0.68262 0.052651 0.052651
1 0.75781 0.65918 0.052651 0.052651
1 0.80273 0.66016 0.052651 0.052651
1 0.83789 0.73145 0.052651 0.052651
1 0.89551 0.75391 0.052651 0.052651
1 0.94238 0.80176 0.052651 0.052651
1 0.56934 0.54004 0.052651 0.052651
1 0.28125 0.86133 0.052651 0.052651
1 0.34277 0.97559 0.052651 0.052651
1 0.50684 0.96484 0.052651 0.052651
1 0.23633 0.59473 0.052651 0.052651
