1 0.18262 0.9209 0.043854 0.043854
1 0.19824 0.81348 0.043854 0.043854
1 0.21973 0.87988 0.043854 0.043854
1 0.23535 0.8291 0.043854 0.043854
1 0.28516 0.72559 0.043854 0.043854
1 0.34082 0.5459 0.043854 0.043854
1 0.41895 0.5127 0.043854 0.043854
1 0.4375 0.47559 0.043854 0.043854
1 0.48145 0.41113 0.043854 0.043854
1 0.47363 0.37793 0.043854 0.043854
1 0.55566 0.3877 0.043854 0.043854
1 0.61816 0.31348 0.043854 0.043854
1 0.62402 0.22363 0.043854 0.043854
1 0.64551 0.2627 0.043854 0.043854
1 0.5918 0.17285 0.043854 0.043854
1 0.60449 0.13965 0.043854 0.043854
1 0.7002 0.11035 0.043854 0.043854
1 0.66113 0.014648 0.043854 0.043854
1 0.58105 0.27051 0.043854 0.043854
1 0.29395 0.91699 0.043854 0.043854
1 0.3291 0.95801 0.043854 0.043854
1 0.39746 0.8877 0.043854 0.043854
1 0.4209 0.94043 0.043854 0.043854
1 0.45215 0.93652 0.043854 0.043854
1 0.58691 0.87402 0.043854 0.043854
