1 0.11523 0.29297 0.043854 0.043854
1 0.13965 0.33789 0.043854 0.043854
1 0.1416 0.37988 0.043854 0.043854
1 0.11133 0.3916 0.043854 0.043854
1 0.066406 0.35254 0.043854 0.043854
1 0.085938 0.42285 0.043854 0.043854
1 0.088867 0.50098 0.043854 0.043854
1 0.10742 0.53027 0.043854 0.043854
1 0.18262 0.64941 0.043854 0.043854
1 0.18457 0.71191 0.043854 0.043854
1 0.21777 0.71973 0.043854 0.043854
1 0.14844 0.72266 0.043854 0.043854
1 0.1416 0.66504 0.043854 0.043854
1 0.18652 0.61035 0.043854 0.043854
1 0.11914 0.4541 0.043854 0.043854
1 0.05957 0.20801 0.043854 0.043854
1 0.1123 0.2002 0.043854 0.043854
1 0.13672 0.20898 0.043854 0.043854
1 0.16504 0.2168 0.043854 0.043854
1 0.20508 0.28418 0.043854 0.043854
1 0.20313 0.24316 0.043854 0.043854
1 0.40723 0.27637 0.043854 0.043854
1 0.44434 0.38086 0.043854 0.043854
1 0.31348 0.27148 0.043854 0.043854
1 0.33984 0.29199 0.043854 0.043854
1 0.38379 0.31055 0.043854 0.043854
1 0.5 0.34863 0.043854 0.043854
1 0.52539 0.34668 0.043854 0.043854
1 0.54395 0.42188 0.043854 0.043854
1 0.59668 0.40137 0.043854 0.043854
1 0.5918 0.4707 0.043854 0.043854
1 0.65527 0.50293 0.043854 0.043854
1 0.74707 0.48242 0.043854 0.043854
1 0.72949 0.5332 0.043854 0.043854
1 0.79004 0.60742 0.043854 0.043854
1 0.78516 0.48828 0.043854 0.043854
1 0.75684 0.55566 0.043854 0.043854
1 0.78906 0.52539 0.043854 0.043854
1 0.8291 0.56055 0.043854 0.043854
1 0.90332 0.55273 0.043854 0.043854
1 0.93555 0.55957 0.043854 0.043854
1 0.96973 0.50977 0.043854 0.043854
1 0.029297 0.31738 0.043854 0.043854
1 0.34082 0.25977 0.043854 0.043854
1 0.2627 0.28418 0.043854 0.043854
1 0.43848 0.34961 0.043854 0.043854
