1 0.53027 0.91016 0.043854 0.043854
1 0.56445 0.83691 0.043854 0.043854
1 0.60254 0.87793 0.043854 0.043854
1 0.62891 0.88379 0.043854 0.043854
1 0.63867 0.85156 0.043854 0.043854
1 0.66992 0.84473 0.043854 0.043854
1 0.70508 0.80664 0.043854 0.043854
1 0.7041 0.77539 0.043854 0.043854
1 0.72363 0.72363 0.043854 0.043854
1 0.76855 0.59473 0.043854 0.043854
1 0.80176 0.57715 0.043854 0.043854
1 0.8291 0.53613 0.043854 0.043854
1 0.56445 0.88574 0.043854 0.043854
1 0.46973 0.90723 0.043854 0.043854
1 0.5293 0.84473 0.043854 0.043854
1 0.55664 0.77734 0.043854 0.043854
1 0.56543 0.72363 0.043854 0.043854
1 0.52539 0.72363 0.043854 0.043854
1 0.47852 0.62695 0.043854 0.043854
1 0.53809 0.62988 0.043854 0.043854
1 0.50098 0.58789 0.043854 0.043854
1 0.53125 0.58789 0.043854 0.043854
1 0.51758 0.53223 0.043854 0.043854
1 0.46973 0.53711 0.043854 0.043854
1 0.46973 0.48145 0.043854 0.043854
1 0.50098 0.48047 0.043854 0.043854
1 0.5166 0.41797 0.043854 0.043854
1 0.45898 0.4502 0.043854 0.043854
1 0.43457 0.38965 0.043854 0.043854
1 0.48926 0.37109 0.043854 0.043854
1 0.41309 0.34863 0.043854 0.043854
1 0.38965 0.29883 0.043854 0.043854
1 0.4248 0.29004 0.043854 0.043854
1 0.42578 0.24707 0.043854 0.043854
1 0.3877 0.21191 0.043854 0.043854
1 0.44336 0.17285 0.043854 0.043854
1 0.38867 0.12598 0.043854 0.043854
1 0.40527 0.089844 0.043854 0.043854
1 0.45508 0.12793 0.043854 0.043854
1 0.47363 0.083008 0.043854 0.043854
1 0.48145 0.05957 0.043854 0.043854
1 0.43945 0.085938 0.043854 0.043854
1 0.48535 0.022461 0.043854 0.043854
