1 0.031807 0.25 0.068594 0.052651
1 0.16285 0.41895 0.068594 0.052651
1 0.12087 0.4375 0.068594 0.052651
1 0.050891 0.51953 0.068594 0.052651
1 0.09542 0.53516 0.068594 0.052651
1 0.17048 0.54395 0.068594 0.052651
1 0.2659 0.52832 0.068594 0.052651
1 0.30534 0.50391 0.068594 0.052651
1 0.35242 0.59766 0.068594 0.052651
1 0.3117 0.78027 0.068594 0.052651
1 0.36387 0.78418 0.068594 0.052651
1 0.49618 0.73047 0.068594 0.052651
1 0.5687 0.77148 0.068594 0.052651
1 0.44784 0.88281 0.068594 0.052651
1 0.49618 0.91016 0.068594 0.052651
1 0.55089 0.90234 0.068594 0.052651
1 0.62087 0.87891 0.068594 0.052651
1 0.64377 0.98242 0.068594 0.052651
1 0.72774 0.9248 0.068594 0.052651
