1 0.97949 0.48926 0.048281 0.048281
1 0.73828 0.26367 0.048281 0.048281
1 0.69727 0.27148 0.048281 0.048281
1 0.68457 0.29297 0.048281 0.048281
1 0.67676 0.24805 0.048281 0.048281
1 0.59473 0.22949 0.048281 0.048281
1 0.6084 0.20898 0.048281 0.048281
1 0.62207 0.17383 0.048281 0.048281
1 0.54004 0.19434 0.048281 0.048281
1 0.52246 0.1123 0.048281 0.048281
1 0.87793 0.89746 0.048281 0.048281
1 0.83203 0.85352 0.048281 0.048281
1 0.8457 0.77441 0.048281 0.048281
1 0.6123 0.68848 0.048281 0.048281
1 0.61035 0.60352 0.048281 0.048281
1 0.57617 0.56836 0.048281 0.048281
1 0.48242 0.50684 0.048281 0.048281
1 0.43066 0.63086 0.048281 0.048281
1 0.44043 0.54688 0.048281 0.048281
1 0.41504 0.53223 0.048281 0.048281
1 0.35254 0.47461 0.048281 0.048281
1 0.30859 0.41504 0.048281 0.048281
1 0.32422 0.36035 0.048281 0.048281
1 0.2373 0.23047 0.048281 0.048281
1 0.27051 0.37793 0.048281 0.048281
