1 0.63086 0.9502 0.048281 0.048281
1 0.49609 0.7793 0.048281 0.048281
1 0.52051 0.77051 0.048281 0.048281
1 0.51172 0.74121 0.048281 0.048281
1 0.50488 0.69727 0.048281 0.048281
1 0.57227 0.71582 0.048281 0.048281
1 0.53613 0.62793 0.048281 0.048281
1 0.5957 0.61621 0.048281 0.048281
1 0.58887 0.64453 0.048281 0.048281
1 0.52832 0.5791 0.048281 0.048281
1 0.53418 0.52734 0.048281 0.048281
1 0.63672 0.48633 0.048281 0.048281
1 0.56445 0.46973 0.048281 0.048281
1 0.61816 0.5498 0.048281 0.048281
1 0.61914 0.43066 0.048281 0.048281
1 0.5332 0.4375 0.048281 0.048281
1 0.55762 0.43945 0.048281 0.048281
1 0.62695 0.37988 0.048281 0.048281
1 0.56055 0.3916 0.048281 0.048281
1 0.64941 0.34863 0.048281 0.048281
1 0.56738 0.34473 0.048281 0.048281
1 0.56641 0.31445 0.048281 0.048281
1 0.58301 0.25391 0.048281 0.048281
1 0.65918 0.26758 0.048281 0.048281
1 0.67676 0.23145 0.048281 0.048281
1 0.60547 0.21875 0.048281 0.048281
1 0.60938 0.19238 0.048281 0.048281
1 0.64551 0.089844 0.048281 0.048281
1 0.63965 0.11816 0.048281 0.048281
1 0.58398 0.48438 0.048281 0.048281
1 0.60352 0.35156 0.048281 0.048281
1 0.53125 0.87988 0.048281 0.048281
1 0.49414 0.8418 0.048281 0.048281
1 0.47949 0.81055 0.048281 0.048281
1 0.43164 0.91602 0.048281 0.048281
1 0.4248 0.77637 0.048281 0.048281
1 0.4082 0.80762 0.048281 0.048281
1 0.39063 0.77148 0.048281 0.048281
1 0.36523 0.75293 0.048281 0.048281
1 0.37891 0.9209 0.048281 0.048281
1 0.40723 0.89648 0.048281 0.048281
1 0.24707 0.77637 0.048281 0.048281
1 0.22852 0.7666 0.048281 0.048281
1 0.16504 0.76465 0.048281 0.048281
1 0.25781 0.70898 0.048281 0.048281
1 0.2959 0.70703 0.048281 0.048281
1 0.030273 0.66309 0.048281 0.048281
1 0.071289 0.7002 0.048281 0.048281
1 0.20117 0.7207 0.048281 0.048281
