1 0.11523 0.85059 0.052604 0.052604
1 0.12109 0.79883 0.052604 0.052604
1 0.1377 0.76367 0.052604 0.052604
1 0.30859 0.68945 0.052604 0.052604
1 0.25 0.67969 0.052604 0.052604
1 0.32324 0.59766 0.052604 0.052604
1 0.27344 0.58008 0.052604 0.052604
1 0.30078 0.53809 0.052604 0.052604
1 0.32227 0.51465 0.052604 0.052604
1 0.38477 0.4707 0.052604 0.052604
1 0.40625 0.5332 0.052604 0.052604
1 0.54102 0.47461 0.052604 0.052604
1 0.46484 0.42578 0.052604 0.052604
1 0.52441 0.36133 0.052604 0.052604
1 0.58789 0.33496 0.052604 0.052604
1 0.66406 0.38867 0.052604 0.052604
1 0.72266 0.39063 0.052604 0.052604
1 0.80371 0.3457 0.052604 0.052604
1 0.9541 0.19434 0.052604 0.052604
1 0.95898 0.27246 0.052604 0.052604
1 0.92578 0.30859 0.052604 0.052604
1 0.89844 0.33008 0.052604 0.052604
1 0.55957 0.7793 0.052604 0.052604
1 0.52344 0.74414 0.052604 0.052604
1 0.56543 0.74023 0.052604 0.052604
1 0.52441 0.69141 0.052604 0.052604
1 0.61523 0.52441 0.052604 0.052604
1 0.65039 0.46289 0.052604 0.052604
1 0.6123 0.48535 0.052604 0.052604
1 0.5918 0.45313 0.052604 0.052604
1 0.62988 0.30469 0.052604 0.052604
1 0.74609 0.22461 0.052604 0.052604
1 0.81641 0.083008 0.052604 0.052604
1 0.8584 0.029297 0.052604 0.052604
