1 0.21582 0.91309 0.052656 0.052656
1 0.26953 0.75879 0.052656 0.052656
1 0.38574 0.82813 0.052656 0.052656
1 0.37695 0.74609 0.052656 0.052656
1 0.33594 0.66699 0.052656 0.052656
1 0.3457 0.62598 0.052656 0.052656
1 0.33887 0.59766 0.052656 0.052656
1 0.38184 0.56641 0.052656 0.052656
1 0.4707 0.58789 0.052656 0.052656
1 0.4541 0.55762 0.052656 0.052656
1 0.44141 0.51172 0.052656 0.052656
1 0.44336 0.46094 0.052656 0.052656
1 0.56836 0.47656 0.052656 0.052656
1 0.48926 0.45508 0.052656 0.052656
1 0.63184 0.41406 0.052656 0.052656
1 0.66406 0.34082 0.052656 0.052656
1 0.66602 0.18457 0.052656 0.052656
1 0.71875 0.17383 0.052656 0.052656
1 0.70117 0.21191 0.052656 0.052656
1 0.69336 0.13672 0.052656 0.052656
1 0.69922 0.079102 0.052656 0.052656
