1 0.51367 0.20996 0.048281 0.048281
1 0.42871 0.16309 0.048281 0.048281
1 0.49219 0.15723 0.048281 0.048281
1 0.46973 0.066406 0.048281 0.048281
1 0.3252 0.16211 0.048281 0.048281
1 0.31152 0.094727 0.048281 0.048281
1 0.1377 0.19238 0.048281 0.048281
1 0.36426 0.2002 0.048281 0.048281
1 0.23047 0.27051 0.048281 0.048281
1 0.20996 0.30371 0.048281 0.048281
1 0.17285 0.37598 0.048281 0.048281
1 0.076172 0.38965 0.048281 0.048281
1 0.045898 0.46973 0.048281 0.048281
1 0.14063 0.47168 0.048281 0.048281
1 0.20605 0.43848 0.048281 0.048281
1 0.60547 0.24609 0.048281 0.048281
1 0.68457 0.34668 0.048281 0.048281
1 0.59473 0.39551 0.048281 0.048281
1 0.66016 0.41309 0.048281 0.048281
1 0.60254 0.45996 0.048281 0.048281
1 0.7002 0.4834 0.048281 0.048281
1 0.59082 0.5752 0.048281 0.048281
1 0.6084 0.63379 0.048281 0.048281
1 0.70117 0.61035 0.048281 0.048281
1 0.72266 0.58887 0.048281 0.048281
1 0.66602 0.64941 0.048281 0.048281
1 0.69336 0.70801 0.048281 0.048281
1 0.7002 0.74219 0.048281 0.048281
1 0.5752 0.7041 0.048281 0.048281
1 0.63086 0.81836 0.048281 0.048281
1 0.69727 0.80566 0.048281 0.048281
1 0.64355 0.93066 0.048281 0.048281
1 0.74414 0.88672 0.048281 0.048281
1 0.55957 0.91699 0.048281 0.048281
1 0.53223 0.97754 0.048281 0.048281
1 0.76953 0.68848 0.048281 0.048281
1 0.7998 0.74316 0.048281 0.048281
1 0.83398 0.7959 0.048281 0.048281
1 0.6748 0.56641 0.048281 0.048281
