1 0.36328 0.06543 0.052651 0.052651
1 0.37109 0.10352 0.052651 0.052651
1 0.41309 0.023438 0.052651 0.052651
1 0.44336 0.14941 0.052651 0.052651
1 0.45117 0.19531 0.052651 0.052651
1 0.36523 0.25488 0.052651 0.052651
1 0.4209 0.33398 0.052651 0.052651
1 0.34961 0.32227 0.052651 0.052651
1 0.34668 0.36133 0.052651 0.052651
1 0.34082 0.40039 0.052651 0.052651
1 0.38281 0.42383 0.052651 0.052651
1 0.3584 0.47949 0.052651 0.052651
1 0.36328 0.54785 0.052651 0.052651
1 0.38281 0.58691 0.052651 0.052651
1 0.37793 0.62402 0.052651 0.052651
1 0.43359 0.55078 0.052651 0.052651
1 0.41016 0.68262 0.052651 0.052651
1 0.39258 0.72949 0.052651 0.052651
1 0.44922 0.73047 0.052651 0.052651
1 0.46582 0.80664 0.052651 0.052651
1 0.5293 0.78809 0.052651 0.052651
1 0.58008 0.8252 0.052651 0.052651
1 0.61719 0.88281 0.052651 0.052651
1 0.57031 0.91113 0.052651 0.052651
