1 0.076172 0.18164 0.052604 0.052604
1 0.13281 0.2002 0.052604 0.052604
1 0.15723 0.26563 0.052604 0.052604
1 0.13086 0.2998 0.052604 0.052604
1 0.039063 0.23828 0.052604 0.052604
1 0.09082 0.29004 0.052604 0.052604
1 0.19727 0.42676 0.052604 0.052604
1 0.20508 0.49121 0.052604 0.052604
1 0.36719 0.58496 0.052604 0.052604
1 0.33008 0.67773 0.052604 0.052604
1 0.30078 0.1416 0.052604 0.052604
1 0.27148 0.1416 0.052604 0.052604
1 0.2168 0.16699 0.052604 0.052604
1 0.21387 0.052734 0.052604 0.052604
1 0.30078 0.26855 0.052604 0.052604
1 0.33887 0.29102 0.052604 0.052604
1 0.35742 0.30859 0.052604 0.052604
1 0.38281 0.25391 0.052604 0.052604
1 0.41895 0.25391 0.052604 0.052604
1 0.40137 0.33594 0.052604 0.052604
1 0.46484 0.43262 0.052604 0.052604
1 0.55078 0.38574 0.052604 0.052604
1 0.58496 0.39063 0.052604 0.052604
1 0.51172 0.45703 0.052604 0.052604
1 0.5918 0.49902 0.052604 0.052604
1 0.68848 0.66797 0.052604 0.052604
1 0.86426 0.71484 0.052604 0.052604
1 0.88477 0.76465 0.052604 0.052604
1 0.83203 0.85742 0.052604 0.052604
1 0.86816 0.9248 0.052604 0.052604
