1 0.76953 0.82422 0.052187 0.052187
1 0.72363 0.78027 0.052187 0.052187
1 0.64746 0.75586 0.052187 0.052187
1 0.65332 0.68359 0.052187 0.052187
1 0.69629 0.64648 0.052187 0.052187
1 0.51465 0.68945 0.052187 0.052187
1 0.36523 0.6543 0.052187 0.052187
1 0.29395 0.63672 0.052187 0.052187
1 0.4502 0.58203 0.052187 0.052187
1 0.54297 0.60254 0.052187 0.052187
1 0.55664 0.55371 0.052187 0.052187
1 0.63281 0.55859 0.052187 0.052187
1 0.65625 0.51367 0.052187 0.052187
1 0.65137 0.45703 0.052187 0.052187
1 0.54102 0.47656 0.052187 0.052187
1 0.52441 0.40039 0.052187 0.052187
1 0.50293 0.3623 0.052187 0.052187
1 0.49121 0.45996 0.052187 0.052187
1 0.56738 0.42285 0.052187 0.052187
1 0.61816 0.32813 0.052187 0.052187
1 0.55566 0.24707 0.052187 0.052187
1 0.34277 0.089844 0.052187 0.052187
1 0.14844 0.091797 0.052187 0.052187
1 0.84082 0.68652 0.052187 0.052187
1 0.84961 0.72656 0.052187 0.052187
1 0.91992 0.76953 0.052187 0.052187
