1 0.099609 0.82227 0.048281 0.048281
1 0.17773 0.79297 0.048281 0.048281
1 0.40039 0.70898 0.048281 0.048281
1 0.39258 0.56445 0.048281 0.048281
1 0.42578 0.61719 0.048281 0.048281
1 0.46289 0.62305 0.048281 0.048281
1 0.41992 0.51953 0.048281 0.048281
1 0.4375 0.46484 0.048281 0.048281
1 0.5332 0.37891 0.048281 0.048281
1 0.59766 0.42578 0.048281 0.048281
1 0.5957 0.46484 0.048281 0.048281
1 0.70508 0.19141 0.048281 0.048281
1 0.9082 0.20117 0.048281 0.048281
1 0.93359 0.14258 0.048281 0.048281
