1 0.055664 0.25488 0.043854 0.043854
1 0.0625 0.36328 0.043854 0.043854
1 0.05957 0.51953 0.043854 0.043854
1 0.086914 0.51758 0.043854 0.043854
1 0.081055 0.44043 0.043854 0.043854
1 0.10254 0.44043 0.043854 0.043854
1 0.13477 0.43164 0.043854 0.043854
1 0.1543 0.53223 0.043854 0.043854
1 0.17969 0.5498 0.043854 0.043854
1 0.21191 0.53418 0.043854 0.043854
1 0.23438 0.55371 0.043854 0.043854
1 0.2666 0.48828 0.043854 0.043854
1 0.26465 0.58887 0.043854 0.043854
1 0.3125 0.56738 0.043854 0.043854
1 0.34082 0.50781 0.043854 0.043854
1 0.46387 0.55664 0.043854 0.043854
1 0.52539 0.61133 0.043854 0.043854
1 0.52734 0.55957 0.043854 0.043854
1 0.54883 0.55273 0.043854 0.043854
1 0.58398 0.54785 0.043854 0.043854
1 0.6543 0.6416 0.043854 0.043854
1 0.68555 0.63184 0.043854 0.043854
1 0.69629 0.65137 0.043854 0.043854
1 0.76855 0.64941 0.043854 0.043854
1 0.80078 0.66016 0.043854 0.043854
1 0.84766 0.62695 0.043854 0.043854
1 0.88184 0.66406 0.043854 0.043854
1 0.21191 0.4502 0.043854 0.043854
