1 0.14648 0.53516 0.052604 0.052604
1 0.10742 0.45117 0.052604 0.052604
1 0.20508 0.53125 0.052604 0.052604
1 0.27344 0.52344 0.052604 0.052604
1 0.22852 0.44531 0.052604 0.052604
1 0.30273 0.45313 0.052604 0.052604
1 0.32227 0.49805 0.052604 0.052604
1 0.39844 0.46094 0.052604 0.052604
1 0.46484 0.4707 0.052604 0.052604
1 0.60547 0.46484 0.052604 0.052604
1 0.51758 0.54883 0.052604 0.052604
1 0.69141 0.51367 0.052604 0.052604
1 0.72461 0.57031 0.052604 0.052604
1 0.75195 0.55664 0.052604 0.052604
1 0.81836 0.58594 0.052604 0.052604
1 0.87109 0.62891 0.052604 0.052604
1 0.84375 0.5957 0.052604 0.052604
1 0.9375 0.5 0.052604 0.052604
1 0.9375 0.59766 0.052604 0.052604
1 0.96875 0.48438 0.052604 0.052604
1 0.54883 0.48828 0.052604 0.052604
1 0.38086 0.53906 0.052604 0.052604
1 0.42578 0.5625 0.052604 0.052604
1 0.45117 0.5625 0.052604 0.052604
1 0.41797 0.65039 0.052604 0.052604
1 0.44141 0.71289 0.052604 0.052604
1 0.50977 0.66406 0.052604 0.052604
1 0.44531 0.63086 0.052604 0.052604
1 0.5332 0.80664 0.052604 0.052604
1 0.61328 0.72266 0.052604 0.052604
1 0.65039 0.72461 0.052604 0.052604
1 0.6543 0.7832 0.052604 0.052604
1 0.53906 0.69336 0.052604 0.052604
1 0.60352 0.83398 0.052604 0.052604
1 0.63867 0.90234 0.052604 0.052604
1 0.67773 0.87695 0.052604 0.052604
1 0.70508 0.90625 0.052604 0.052604
1 0.76367 0.83984 0.052604 0.052604
1 0.83594 0.92383 0.052604 0.052604
1 0.125 0.37695 0.052604 0.052604
1 0.21094 0.31836 0.052604 0.052604
1 0.24023 0.29102 0.052604 0.052604
1 0.26953 0.11914 0.052604 0.052604
1 0.27539 0.17188 0.052604 0.052604
1 0.33203 0.23828 0.052604 0.052604
1 0.36523 0.22461 0.052604 0.052604
1 0.44336 0.16016 0.052604 0.052604
1 0.48633 0.066406 0.052604 0.052604
1 0.55859 0.10938 0.052604 0.052604
1 0.625 0.11523 0.052604 0.052604
1 0.64648 0.18555 0.052604 0.052604
1 0.66797 0.13086 0.052604 0.052604
1 0.72266 0.23242 0.052604 0.052604
1 0.69141 0.21289 0.052604 0.052604
1 0.85156 0.20703 0.052604 0.052604
1 0.82422 0.13867 0.052604 0.052604
1 0.85938 0.11719 0.052604 0.052604
1 0.88672 0.11523 0.052604 0.052604
1 0.64063 0.087891 0.052604 0.052604
1 0.66797 0.070313 0.052604 0.052604
1 0.70898 0.027344 0.052604 0.052604
1 0.74609 0.0097656 0.052604 0.052604
