1 0.12891 0.97852 0.052604 0.052604
1 0.16211 0.95898 0.052604 0.052604
1 0.22461 0.97852 0.052604 0.052604
1 0.1875 0.86328 0.052604 0.052604
1 0.3418 0.80469 0.052604 0.052604
1 0.27344 0.82617 0.052604 0.052604
1 0.3457 0.59375 0.052604 0.052604
1 0.35156 0.53516 0.052604 0.052604
1 0.37109 0.79688 0.052604 0.052604
1 0.50586 0.54883 0.052604 0.052604
1 0.59961 0.47266 0.052604 0.052604
1 0.56836 0.35547 0.052604 0.052604
1 0.62695 0.33398 0.052604 0.052604
1 0.63281 0.39648 0.052604 0.052604
1 0.67383 0.27344 0.052604 0.052604
1 0.77148 0.24414 0.052604 0.052604
1 0.7793 0.19531 0.052604 0.052604
1 0.25195 0.80078 0.052604 0.052604
