1 0.6377 0.94824 0.043854 0.043854
1 0.60742 0.67578 0.043854 0.043854
1 0.69238 0.60059 0.043854 0.043854
1 0.74219 0.65332 0.043854 0.043854
1 0.93652 0.60938 0.043854 0.043854
1 0.81738 0.53613 0.043854 0.043854
1 0.7793 0.38574 0.043854 0.043854
1 0.69531 0.74902 0.043854 0.043854
1 0.56152 0.91406 0.043854 0.043854
1 0.51367 0.94727 0.043854 0.043854
1 0.50781 0.91699 0.043854 0.043854
1 0.54883 0.87207 0.043854 0.043854
1 0.46094 0.89355 0.043854 0.043854
1 0.46191 0.86328 0.043854 0.043854
1 0.44824 0.79199 0.043854 0.043854
1 0.41992 0.74707 0.043854 0.043854
1 0.41992 0.64258 0.043854 0.043854
1 0.47559 0.64453 0.043854 0.043854
1 0.4375 0.53027 0.043854 0.043854
1 0.41602 0.50391 0.043854 0.043854
1 0.44238 0.49023 0.043854 0.043854
1 0.33887 0.51172 0.043854 0.043854
1 0.35938 0.43652 0.043854 0.043854
1 0.3916 0.4502 0.043854 0.043854
1 0.28906 0.4375 0.043854 0.043854
1 0.27148 0.38086 0.043854 0.043854
1 0.14844 0.21777 0.043854 0.043854
1 0.19141 0.1709 0.043854 0.043854
1 0.17383 0.15625 0.043854 0.043854
1 0.12109 0.041992 0.043854 0.043854
1 0.068359 0.12305 0.043854 0.043854
