1 0.90625 0.91406 0.052187 0.052187
1 0.74805 0.71094 0.052187 0.052187
1 0.62207 0.70313 0.052187 0.052187
1 0.60059 0.68555 0.052187 0.052187
1 0.60254 0.61328 0.052187 0.052187
1 0.69727 0.62305 0.052187 0.052187
1 0.69727 0.56738 0.052187 0.052187
1 0.66699 0.38086 0.052187 0.052187
1 0.74414 0.32129 0.052187 0.052187
1 0.78516 0.36328 0.052187 0.052187
1 0.64063 0.45605 0.052187 0.052187
1 0.74023 0.50195 0.052187 0.052187
1 0.77051 0.51465 0.052187 0.052187
1 0.5332 0.44922 0.052187 0.052187
1 0.55859 0.37695 0.052187 0.052187
1 0.4082 0.3877 0.052187 0.052187
1 0.43066 0.3252 0.052187 0.052187
1 0.37305 0.31836 0.052187 0.052187
1 0.35254 0.19141 0.052187 0.052187
1 0.27148 0.23438 0.052187 0.052187
1 0.18555 0.18652 0.052187 0.052187
1 0.081055 0.070313 0.052187 0.052187
1 0.45703 0.39746 0.052187 0.052187
1 0.79688 0.84766 0.052187 0.052187
