1 0.19531 0.84375 0.043854 0.043854
1 0.3125 0.88867 0.043854 0.043854
1 0.31055 0.84863 0.043854 0.043854
1 0.18457 0.81543 0.043854 0.043854
1 0.30078 0.7627 0.043854 0.043854
1 0.35938 0.68164 0.043854 0.043854
1 0.42969 0.75586 0.043854 0.043854
1 0.46191 0.64551 0.043854 0.043854
1 0.48145 0.70703 0.043854 0.043854
1 0.51953 0.72168 0.043854 0.043854
1 0.5293 0.60938 0.043854 0.043854
1 0.54395 0.57813 0.043854 0.043854
1 0.58105 0.58398 0.043854 0.043854
1 0.56738 0.65137 0.043854 0.043854
1 0.60742 0.64844 0.043854 0.043854
1 0.63672 0.62207 0.043854 0.043854
1 0.65918 0.60645 0.043854 0.043854
1 0.6875 0.58984 0.043854 0.043854
1 0.68555 0.49805 0.043854 0.043854
1 0.71973 0.45703 0.043854 0.043854
1 0.30273 0.59082 0.043854 0.043854
1 0.37695 0.50781 0.043854 0.043854
1 0.40234 0.42285 0.043854 0.043854
1 0.36328 0.36523 0.043854 0.043854
1 0.30566 0.33301 0.043854 0.043854
1 0.31055 0.39648 0.043854 0.043854
1 0.3418 0.44629 0.043854 0.043854
1 0.33691 0.49121 0.043854 0.043854
1 0.37988 0.54492 0.043854 0.043854
1 0.38086 0.31543 0.043854 0.043854
1 0.37109 0.62988 0.043854 0.043854
1 0.48145 0.59668 0.043854 0.043854
1 0.4541 0.57031 0.043854 0.043854
1 0.4834 0.55664 0.043854 0.043854
1 0.4502 0.48828 0.043854 0.043854
1 0.49414 0.46191 0.043854 0.043854
1 0.55273 0.49805 0.043854 0.043854
1 0.53516 0.38574 0.043854 0.043854
1 0.65332 0.42676 0.043854 0.043854
1 0.625 0.41699 0.043854 0.043854
1 0.63477 0.36816 0.043854 0.043854
1 0.64551 0.32031 0.043854 0.043854
1 0.66992 0.34277 0.043854 0.043854
1 0.70898 0.33105 0.043854 0.043854
1 0.69238 0.3623 0.043854 0.043854
1 0.79785 0.34961 0.043854 0.043854
1 0.74219 0.34473 0.043854 0.043854
1 0.78418 0.29004 0.043854 0.043854
1 0.82617 0.25977 0.043854 0.043854
1 0.86426 0.27539 0.043854 0.043854
1 0.84082 0.32031 0.043854 0.043854
1 0.78223 0.31738 0.043854 0.043854
