1 0.74609 0.125 0.048281 0.048281
1 0.61719 0.16016 0.048281 0.048281
1 0.51758 0.19336 0.048281 0.048281
1 0.57422 0.24609 0.048281 0.048281
1 0.51953 0.26563 0.048281 0.048281
1 0.45898 0.31641 0.048281 0.048281
1 0.41211 0.30859 0.048281 0.048281
1 0.33984 0.37305 0.048281 0.048281
1 0.3125 0.3457 0.048281 0.048281
1 0.39844 0.43359 0.048281 0.048281
1 0.45898 0.46094 0.048281 0.048281
1 0.49023 0.50586 0.048281 0.048281
1 0.46289 0.56055 0.048281 0.048281
1 0.51172 0.58203 0.048281 0.048281
1 0.60742 0.53516 0.048281 0.048281
1 0.65039 0.55469 0.048281 0.048281
1 0.78125 0.5957 0.048281 0.048281
1 0.9043 0.57422 0.048281 0.048281
1 0.58203 0.63281 0.048281 0.048281
1 0.63477 0.69141 0.048281 0.048281
1 0.66797 0.81641 0.048281 0.048281
1 0.8125 0.75586 0.048281 0.048281
1 0.39258 0.54688 0.048281 0.048281
1 0.36719 0.61328 0.048281 0.048281
1 0.44727 0.58594 0.048281 0.048281
1 0.36328 0.64844 0.048281 0.048281
1 0.52344 0.74414 0.048281 0.048281
1 0.42188 0.76172 0.048281 0.048281
1 0.44531 0.82813 0.048281 0.048281
1 0.43359 0.87695 0.048281 0.048281
1 0.50977 0.88086 0.048281 0.048281
1 0.54102 0.92969 0.048281 0.048281
