1 0.62207 0.93262 0.043854 0.043854
1 0.5918 0.66602 0.043854 0.043854
1 0.67676 0.59082 0.043854 0.043854
1 0.72656 0.64355 0.043854 0.043854
1 0.9209 0.59961 0.043854 0.043854
1 0.80176 0.52637 0.043854 0.043854
1 0.76367 0.37598 0.043854 0.043854
1 0.67969 0.73926 0.043854 0.043854
1 0.5459 0.90039 0.043854 0.043854
1 0.49805 0.93555 0.043854 0.043854
1 0.49219 0.90723 0.043854 0.043854
1 0.5332 0.8623 0.043854 0.043854
1 0.44531 0.88379 0.043854 0.043854
1 0.44629 0.85156 0.043854 0.043854
1 0.43262 0.78223 0.043854 0.043854
1 0.4043 0.73535 0.043854 0.043854
1 0.4043 0.63281 0.043854 0.043854
1 0.45996 0.63281 0.043854 0.043854
1 0.42188 0.52051 0.043854 0.043854
1 0.40039 0.49414 0.043854 0.043854
1 0.42676 0.48047 0.043854 0.043854
1 0.32324 0.50195 0.043854 0.043854
1 0.34375 0.42676 0.043854 0.043854
1 0.37598 0.44043 0.043854 0.043854
1 0.27344 0.42773 0.043854 0.043854
1 0.25586 0.37109 0.043854 0.043854
1 0.13281 0.20801 0.043854 0.043854
1 0.17578 0.16113 0.043854 0.043854
1 0.1582 0.14648 0.043854 0.043854
1 0.10547 0.032227 0.043854 0.043854
1 0.052734 0.11328 0.043854 0.043854
