1 0.51172 0.93848 0.043854 0.043854
1 0.57129 0.91504 0.043854 0.043854
1 0.50098 0.8291 0.043854 0.043854
1 0.48926 0.8584 0.043854 0.043854
1 0.5459 0.67578 0.043854 0.043854
1 0.54883 0.62305 0.043854 0.043854
1 0.57129 0.54004 0.043854 0.043854
1 0.53906 0.52637 0.043854 0.043854
1 0.59766 0.4502 0.043854 0.043854
1 0.54395 0.43359 0.043854 0.043854
1 0.56055 0.40625 0.043854 0.043854
1 0.6377 0.37598 0.043854 0.043854
1 0.62793 0.31152 0.043854 0.043854
1 0.62695 0.27148 0.043854 0.043854
1 0.57813 0.30957 0.043854 0.043854
1 0.47266 0.64063 0.043854 0.043854
1 0.4541 0.66406 0.043854 0.043854
1 0.43945 0.63477 0.043854 0.043854
1 0.38867 0.53906 0.043854 0.043854
1 0.3623 0.50195 0.043854 0.043854
1 0.375 0.41797 0.043854 0.043854
1 0.33691 0.34473 0.043854 0.043854
1 0.27148 0.30957 0.043854 0.043854
