1 0.56348 0.068359 0.043854 0.043854
1 0.52246 0.15723 0.043854 0.043854
1 0.59863 0.16992 0.043854 0.043854
1 0.62598 0.29395 0.043854 0.043854
1 0.68457 0.25391 0.043854 0.043854
1 0.71777 0.28809 0.043854 0.043854
1 0.75684 0.37695 0.043854 0.043854
1 0.80371 0.42285 0.043854 0.043854
1 0.77441 0.46777 0.043854 0.043854
1 0.87988 0.52832 0.043854 0.043854
1 0.91016 0.58008 0.043854 0.043854
1 0.90723 0.64941 0.043854 0.043854
1 0.9668 0.61816 0.043854 0.043854
1 0.90137 0.60938 0.043854 0.043854
1 0.39844 0.15332 0.043854 0.043854
1 0.42773 0.30176 0.043854 0.043854
1 0.38086 0.32227 0.043854 0.043854
1 0.32227 0.30176 0.043854 0.043854
1 0.28418 0.32617 0.043854 0.043854
1 0.25977 0.37988 0.043854 0.043854
1 0.32031 0.39941 0.043854 0.043854
1 0.29004 0.44824 0.043854 0.043854
1 0.22656 0.46973 0.043854 0.043854
1 0.27246 0.5752 0.043854 0.043854
1 0.26953 0.62207 0.043854 0.043854
1 0.23145 0.68945 0.043854 0.043854
1 0.20117 0.71582 0.043854 0.043854
1 0.21973 0.86133 0.043854 0.043854
1 0.20801 0.92578 0.043854 0.043854
1 0.17285 0.89844 0.043854 0.043854
1 0.20605 0.98242 0.043854 0.043854
1 0.16504 0.96875 0.043854 0.043854
1 0.47949 0.051758 0.043854 0.043854
