1 0.65625 0.79297 0.052604 0.052604
1 0.63672 0.82617 0.052604 0.052604
1 0.58008 0.81641 0.052604 0.052604
1 0.59766 0.73438 0.052604 0.052604
1 0.5332 0.625 0.052604 0.052604
1 0.48242 0.64844 0.052604 0.052604
1 0.41992 0.64453 0.052604 0.052604
1 0.46875 0.54688 0.052604 0.052604
1 0.26953 0.44727 0.052604 0.052604
1 0.27344 0.41016 0.052604 0.052604
1 0.32227 0.25391 0.052604 0.052604
1 0.35938 0.38477 0.052604 0.052604
1 0.19336 0.26758 0.052604 0.052604
1 0.16602 0.16992 0.052604 0.052604
1 0.26172 0.1875 0.052604 0.052604
1 0.21484 0.041016 0.052604 0.052604
1 0.17188 0.056641 0.052604 0.052604
1 0.72461 0.40234 0.052604 0.052604
1 0.74219 0.21289 0.052604 0.052604
1 0.69922 0.082031 0.052604 0.052604
1 0.63477 0.12891 0.052604 0.052604
