1 0.79688 0.10156 0.052604 0.052604
1 0.60742 0.18945 0.052604 0.052604
1 0.51953 0.3457 0.052604 0.052604
1 0.4707 0.3457 0.052604 0.052604
1 0.49219 0.48438 0.052604 0.052604
1 0.44141 0.58984 0.052604 0.052604
1 0.36328 0.57422 0.052604 0.052604
1 0.32617 0.54688 0.052604 0.052604
1 0.29688 0.57813 0.052604 0.052604
1 0.30078 0.66797 0.052604 0.052604
1 0.23438 0.74805 0.052604 0.052604
1 0.19922 0.76172 0.052604 0.052604
1 0.17578 0.80469 0.052604 0.052604
1 0.072266 0.76953 0.052604 0.052604
1 0.4043 0.60742 0.052604 0.052604
1 0.18555 0.69336 0.052604 0.052604
1 0.080078 0.86133 0.052604 0.052604
1 0.015625 0.85938 0.052604 0.052604
1 0.017578 0.89063 0.052604 0.052604
1 0.041016 0.95313 0.052604 0.052604
1 0.45898 0.46484 0.052604 0.052604
