1 0.12793 0.37207 0.043854 0.043854
1 0.15332 0.41113 0.043854 0.043854
1 0.18555 0.40234 0.043854 0.043854
1 0.1416 0.46191 0.043854 0.043854
1 0.20508 0.39941 0.043854 0.043854
1 0.22461 0.39551 0.043854 0.043854
1 0.25781 0.37207 0.043854 0.043854
1 0.28613 0.39551 0.043854 0.043854
1 0.34082 0.33984 0.043854 0.043854
1 0.19043 0.50781 0.043854 0.043854
1 0.49316 0.45703 0.043854 0.043854
1 0.45117 0.45313 0.043854 0.043854
1 0.54297 0.52832 0.043854 0.043854
1 0.6084 0.54395 0.043854 0.043854
1 0.65332 0.55078 0.043854 0.043854
1 0.71289 0.54785 0.043854 0.043854
1 0.70313 0.50684 0.043854 0.043854
1 0.71094 0.4541 0.043854 0.043854
1 0.68262 0.46289 0.043854 0.043854
1 0.91016 0.49121 0.043854 0.043854
1 0.98047 0.50488 0.043854 0.043854
1 0.93066 0.62109 0.043854 0.043854
1 0.87695 0.59766 0.043854 0.043854
1 0.89648 0.56738 0.043854 0.043854
1 0.93945 0.59668 0.043854 0.043854
1 0.95703 0.62012 0.043854 0.043854
1 0.62012 0.50391 0.043854 0.043854
1 0.09082 0.42773 0.043854 0.043854
