1 0.68457 0.89844 0.052604 0.052604
1 0.64746 0.86035 0.052604 0.052604
1 0.6084 0.8877 0.052604 0.052604
1 0.55469 0.95215 0.052604 0.052604
1 0.75293 0.58887 0.052604 0.052604
1 0.63086 0.67871 0.052604 0.052604
1 0.62988 0.60059 0.052604 0.052604
1 0.62988 0.55957 0.052604 0.052604
1 0.56543 0.58105 0.052604 0.052604
1 0.48535 0.52832 0.052604 0.052604
1 0.55469 0.46973 0.052604 0.052604
1 0.43652 0.45605 0.052604 0.052604
1 0.44629 0.30273 0.052604 0.052604
1 0.3877 0.41504 0.052604 0.052604
1 0.33105 0.36426 0.052604 0.052604
1 0.33105 0.27539 0.052604 0.052604
1 0.27051 0.35449 0.052604 0.052604
1 0.28906 0.25879 0.052604 0.052604
1 0.25 0.28223 0.052604 0.052604
1 0.1582 0.27051 0.052604 0.052604
1 0.17676 0.2168 0.052604 0.052604
1 0.13574 0.20215 0.052604 0.052604
1 0.058594 0.19629 0.052604 0.052604
1 0.73535 0.32715 0.052604 0.052604
1 0.73633 0.28223 0.052604 0.052604
1 0.7627 0.25781 0.052604 0.052604
1 0.67773 0.2666 0.052604 0.052604
1 0.69531 0.21582 0.052604 0.052604
1 0.64258 0.36035 0.052604 0.052604
1 0.60254 0.29883 0.052604 0.052604
1 0.55762 0.21875 0.052604 0.052604
1 0.62988 0.22656 0.052604 0.052604
1 0.65723 0.20996 0.052604 0.052604
1 0.48242 0.13086 0.052604 0.052604
1 0.52441 0.020508 0.052604 0.052604
