1 0.63281 0.75684 0.052604 0.052604
1 0.69434 0.75781 0.052604 0.052604
1 0.64551 0.62988 0.052604 0.052604
1 0.6543 0.44434 0.052604 0.052604
1 0.55859 0.44238 0.052604 0.052604
1 0.56152 0.33984 0.052604 0.052604
1 0.6084 0.33887 0.052604 0.052604
1 0.64551 0.22949 0.052604 0.052604
1 0.58008 0.15723 0.052604 0.052604
1 0.68066 0.1123 0.052604 0.052604
1 0.57031 0.76172 0.052604 0.052604
1 0.50488 0.78418 0.052604 0.052604
1 0.45508 0.72461 0.052604 0.052604
1 0.50781 0.60547 0.052604 0.052604
1 0.41992 0.6543 0.052604 0.052604
1 0.40527 0.58887 0.052604 0.052604
1 0.35645 0.42383 0.052604 0.052604
1 0.40039 0.36816 0.052604 0.052604
1 0.37988 0.33105 0.052604 0.052604
1 0.27051 0.29688 0.052604 0.052604
1 0.34863 0.24902 0.052604 0.052604
1 0.24707 0.2168 0.052604 0.052604
1 0.23535 0.16016 0.052604 0.052604
1 0.30762 0.16699 0.052604 0.052604
1 0.27832 0.049805 0.052604 0.052604
1 0.26172 0.12207 0.052604 0.052604
1 0.47949 0.69238 0.052604 0.052604
1 0.28125 0.33496 0.052604 0.052604
1 0.2998 0.37012 0.052604 0.052604
