1 0.98828 0.48828 0.043854 0.043854
1 0.89844 0.62891 0.043854 0.043854
1 0.84766 0.69336 0.043854 0.043854
1 0.95508 0.4082 0.043854 0.043854
1 0.99805 0.29688 0.043854 0.043854
1 0.93359 0.3418 0.043854 0.043854
1 0.85547 0.375 0.043854 0.043854
1 0.8457 0.44922 0.043854 0.043854
1 0.74023 0.42969 0.043854 0.043854
1 0.76758 0.40234 0.043854 0.043854
1 0.66211 0.56836 0.043854 0.043854
1 0.5957 0.56055 0.043854 0.043854
1 0.47656 0.54297 0.043854 0.043854
1 0.44336 0.65625 0.043854 0.043854
1 0.38086 0.69531 0.043854 0.043854
1 0.22461 0.68359 0.043854 0.043854
1 0.25391 0.66406 0.043854 0.043854
1 0.29688 0.71484 0.043854 0.043854
1 0.23242 0.75 0.043854 0.043854
1 0.14258 0.75977 0.043854 0.043854
1 0.072266 0.74805 0.043854 0.043854
1 0.37695 0.60352 0.043854 0.043854
