1 0.95313 0.5625 0.043854 0.043854
1 0.86328 0.70313 0.043854 0.043854
1 0.8125 0.76758 0.043854 0.043854
1 0.91992 0.48242 0.043854 0.043854
1 0.96289 0.37109 0.043854 0.043854
1 0.89844 0.41602 0.043854 0.043854
1 0.82031 0.44922 0.043854 0.043854
1 0.81055 0.52344 0.043854 0.043854
1 0.70508 0.50391 0.043854 0.043854
1 0.73242 0.47656 0.043854 0.043854
1 0.62695 0.64258 0.043854 0.043854
1 0.56055 0.63477 0.043854 0.043854
1 0.44141 0.61719 0.043854 0.043854
1 0.4082 0.73047 0.043854 0.043854
1 0.3457 0.76953 0.043854 0.043854
1 0.18945 0.75781 0.043854 0.043854
1 0.21875 0.73828 0.043854 0.043854
1 0.26172 0.78906 0.043854 0.043854
1 0.19727 0.82422 0.043854 0.043854
1 0.10742 0.83398 0.043854 0.043854
1 0.037109 0.82227 0.043854 0.043854
1 0.3418 0.67773 0.043854 0.043854
