1 0.50586 0.063477 0.052604 0.052604
1 0.58301 0.12598 0.052604 0.052604
1 0.54004 0.083984 0.052604 0.052604
1 0.4834 0.19629 0.052604 0.052604
1 0.48145 0.25098 0.052604 0.052604
1 0.56152 0.2627 0.052604 0.052604
1 0.4707 0.36035 0.052604 0.052604
1 0.60156 0.3623 0.052604 0.052604
1 0.5498 0.40723 0.052604 0.052604
1 0.50488 0.40723 0.052604 0.052604
1 0.44336 0.57617 0.052604 0.052604
1 0.54492 0.53418 0.052604 0.052604
1 0.52539 0.6543 0.052604 0.052604
1 0.56152 0.64551 0.052604 0.052604
1 0.55859 0.7002 0.052604 0.052604
1 0.44043 0.75488 0.052604 0.052604
1 0.43262 0.80078 0.052604 0.052604
1 0.38281 0.87598 0.052604 0.052604
1 0.34473 0.92285 0.052604 0.052604
1 0.52441 0.96191 0.052604 0.052604
1 0.40723 0.94238 0.052604 0.052604
1 0.49414 0.3252 0.052604 0.052604
1 0.51953 0.30176 0.052604 0.052604
1 0.47656 0.78418 0.052604 0.052604
