1 0.15918 0.75293 0.052604 0.052604
1 0.085938 0.77637 0.052604 0.052604
1 0.15234 0.68457 0.052604 0.052604
1 0.072266 0.64746 0.052604 0.052604
1 0.13379 0.62207 0.052604 0.052604
1 0.072266 0.68359 0.052604 0.052604
1 0.067383 0.70508 0.052604 0.052604
1 0.24121 0.78906 0.052604 0.052604
1 0.28125 0.82617 0.052604 0.052604
1 0.33984 0.76855 0.052604 0.052604
1 0.40234 0.70996 0.052604 0.052604
1 0.43359 0.68848 0.052604 0.052604
1 0.43945 0.65332 0.052604 0.052604
1 0.39941 0.56543 0.052604 0.052604
1 0.48926 0.61621 0.052604 0.052604
1 0.56348 0.56836 0.052604 0.052604
1 0.60742 0.24316 0.052604 0.052604
1 0.61523 0.41113 0.052604 0.052604
1 0.71582 0.24219 0.052604 0.052604
1 0.64063 0.19629 0.052604 0.052604
1 0.67871 0.16992 0.052604 0.052604
1 0.73828 0.19238 0.052604 0.052604
1 0.70508 0.078125 0.052604 0.052604
1 0.85938 0.017578 0.052604 0.052604
1 0.77148 0.012695 0.052604 0.052604
1 0.59863 0.27637 0.052604 0.052604
1 0.3418 0.66699 0.052604 0.052604
