1 0.96167 0.35167 0.044178 0.044178
1 0.96333 0.435 0.044178 0.044178
1 0.91 0.42333 0.044178 0.044178
1 0.91167 0.37 0.044178 0.044178
1 0.865 0.385 0.044178 0.044178
1 0.825 0.34167 0.044178 0.044178
1 0.81 0.41 0.044178 0.044178
1 0.74667 0.35833 0.044178 0.044178
1 0.70167 0.34 0.044178 0.044178
1 0.68833 0.36667 0.044178 0.044178
1 0.68 0.4 0.044178 0.044178
1 0.70333 0.42 0.044178 0.044178
1 0.61833 0.45 0.044178 0.044178
1 0.54333 0.46333 0.044178 0.044178
1 0.51167 0.46833 0.044178 0.044178
1 0.46167 0.50333 0.044178 0.044178
1 0.43833 0.49 0.044178 0.044178
1 0.47333 0.41667 0.044178 0.044178
1 0.38833 0.45667 0.044178 0.044178
1 0.43333 0.40333 0.044178 0.044178
1 0.36333 0.52333 0.044178 0.044178
1 0.25 0.51667 0.044178 0.044178
1 0.39833 0.62333 0.044178 0.044178
1 0.16167 0.69167 0.044178 0.044178
1 0.11833 0.685 0.044178 0.044178
1 0.16167 0.59167 0.044178 0.044178
1 0.21333 0.575 0.044178 0.044178
1 0.12667 0.63667 0.044178 0.044178
1 0.055 0.68 0.044178 0.044178
1 0.285 0.57667 0.044178 0.044178
1 0.37833 0.67 0.044178 0.044178
1 0.43 0.72167 0.044178 0.044178
1 0.46833 0.73 0.044178 0.044178
