1 0.0625 0.89648 0.043854 0.043854
1 0.12695 0.875 0.043854 0.043854
1 0.16992 0.86914 0.043854 0.043854
1 0.20898 0.77344 0.043854 0.043854
1 0.29492 0.71484 0.043854 0.043854
1 0.28516 0.79883 0.043854 0.043854
1 0.38086 0.6582 0.043854 0.043854
1 0.38672 0.56445 0.043854 0.043854
1 0.48047 0.52734 0.043854 0.043854
1 0.50391 0.5 0.043854 0.043854
1 0.58398 0.42383 0.043854 0.043854
1 0.62109 0.45703 0.043854 0.043854
1 0.66016 0.48242 0.043854 0.043854
1 0.65234 0.40039 0.043854 0.043854
1 0.70117 0.36133 0.043854 0.043854
1 0.82422 0.31836 0.043854 0.043854
1 0.82031 0.21094 0.043854 0.043854
1 0.82422 0.16797 0.043854 0.043854
1 0.86328 0.16406 0.043854 0.043854
1 0.92383 0.20898 0.043854 0.043854
1 0.92188 0.09375 0.043854 0.043854
1 0.75586 0.34961 0.043854 0.043854
