1 0.078125 0.89648 0.043854 0.043854
1 0.14258 0.875 0.043854 0.043854
1 0.18555 0.86914 0.043854 0.043854
1 0.22461 0.77344 0.043854 0.043854
1 0.31055 0.71484 0.043854 0.043854
1 0.30078 0.79883 0.043854 0.043854
1 0.39648 0.6582 0.043854 0.043854
1 0.40625 0.56055 0.043854 0.043854
1 0.49609 0.52734 0.043854 0.043854
1 0.51953 0.5 0.043854 0.043854
1 0.59961 0.42383 0.043854 0.043854
1 0.63672 0.45703 0.043854 0.043854
1 0.67188 0.47852 0.043854 0.043854
1 0.66797 0.40039 0.043854 0.043854
1 0.7168 0.36133 0.043854 0.043854
1 0.83984 0.31836 0.043854 0.043854
1 0.83594 0.21094 0.043854 0.043854
1 0.83984 0.16797 0.043854 0.043854
1 0.87891 0.16406 0.043854 0.043854
1 0.93945 0.20898 0.043854 0.043854
1 0.9375 0.09375 0.043854 0.043854
1 0.77148 0.34961 0.043854 0.043854
