1 0.71094 0.78516 0.052604 0.052604
1 0.69141 0.81445 0.052604 0.052604
1 0.63086 0.80469 0.052604 0.052604
1 0.65234 0.72656 0.052604 0.052604
1 0.5918 0.61719 0.052604 0.052604
1 0.53711 0.64063 0.052604 0.052604
1 0.47461 0.63672 0.052604 0.052604
1 0.52344 0.53906 0.052604 0.052604
1 0.32422 0.43945 0.052604 0.052604
1 0.32813 0.40234 0.052604 0.052604
1 0.37695 0.24219 0.052604 0.052604
1 0.41406 0.37695 0.052604 0.052604
1 0.25195 0.25586 0.052604 0.052604
1 0.2207 0.16211 0.052604 0.052604
1 0.31641 0.1875 0.052604 0.052604
1 0.26953 0.033203 0.052604 0.052604
1 0.22656 0.048828 0.052604 0.052604
1 0.7793 0.39453 0.052604 0.052604
1 0.79688 0.20508 0.052604 0.052604
1 0.75391 0.074219 0.052604 0.052604
1 0.68945 0.12109 0.052604 0.052604
