1 0.09375 0.56641 0.048281 0.048281
1 0.14258 0.57813 0.048281 0.048281
1 0.13086 0.51367 0.048281 0.048281
1 0.09375 0.47656 0.048281 0.048281
1 0.15625 0.4375 0.048281 0.048281
1 0.16406 0.40039 0.048281 0.048281
1 0.25977 0.55078 0.048281 0.048281
1 0.4082 0.57422 0.048281 0.048281
1 0.31836 0.51172 0.048281 0.048281
1 0.5 0.57617 0.048281 0.048281
1 0.51172 0.60742 0.048281 0.048281
1 0.5918 0.53906 0.048281 0.048281
1 0.69141 0.54102 0.048281 0.048281
1 0.65039 0.60742 0.048281 0.048281
1 0.71484 0.60742 0.048281 0.048281
1 0.77734 0.53516 0.048281 0.048281
1 0.77734 0.46094 0.048281 0.048281
1 0.86914 0.49414 0.048281 0.048281
